#  E (eV)   dos(E)     Int dos(E) EFermi =   -1.823 eV
 -13.113  0.0000E+00  0.0000E+00
 -13.103  0.3679E+00  0.1840E-02
 -13.093  0.7358E+00  0.7358E-02
 -13.083  0.5307E+00  0.1576E-01
 -13.073  0.5616E+00  0.2122E-01
 -13.063  0.5924E+00  0.2699E-01
 -13.053  0.6233E+00  0.3307E-01
 -13.043  0.6541E+00  0.3946E-01
 -13.033  0.6850E+00  0.4616E-01
 -13.023  0.6853E+00  0.5309E-01
 -13.013  0.6475E+00  0.5976E-01
 -13.003  0.6096E+00  0.6604E-01
 -12.993  0.6010E+00  0.7204E-01
 -12.983  0.6120E+00  0.7810E-01
 -12.973  0.6229E+00  0.8428E-01
 -12.963  0.6339E+00  0.9056E-01
 -12.953  0.6448E+00  0.9695E-01
 -12.943  0.6558E+00  0.1035E+00
 -12.933  0.6667E+00  0.1101E+00
 -12.923  0.6777E+00  0.1168E+00
 -12.913  0.6359E+00  0.1236E+00
 -12.903  0.6338E+00  0.1299E+00
 -12.893  0.6317E+00  0.1363E+00
 -12.883  0.6296E+00  0.1426E+00
 -12.873  0.6275E+00  0.1488E+00
 -12.863  0.6254E+00  0.1551E+00
 -12.853  0.6266E+00  0.1614E+00
 -12.843  0.6323E+00  0.1677E+00
 -12.833  0.6380E+00  0.1740E+00
 -12.823  0.6437E+00  0.1804E+00
 -12.813  0.6494E+00  0.1869E+00
 -12.803  0.6550E+00  0.1934E+00
 -12.793  0.6607E+00  0.2000E+00
 -12.783  0.6664E+00  0.2066E+00
 -12.773  0.6721E+00  0.2133E+00
 -12.763  0.6588E+00  0.2200E+00
 -12.753  0.6450E+00  0.2265E+00
 -12.743  0.6338E+00  0.2329E+00
 -12.733  0.6351E+00  0.2392E+00
 -12.723  0.6364E+00  0.2456E+00
 -12.713  0.6376E+00  0.2519E+00
 -12.703  0.6389E+00  0.2583E+00
 -12.693  0.6402E+00  0.2647E+00
 -12.683  0.6415E+00  0.2711E+00
 -12.673  0.6428E+00  0.2775E+00
 -12.663  0.6440E+00  0.2840E+00
 -12.653  0.6471E+00  0.2904E+00
 -12.643  0.6507E+00  0.2969E+00
 -12.633  0.6543E+00  0.3035E+00
 -12.623  0.6578E+00  0.3100E+00
 -12.613  0.6614E+00  0.3166E+00
 -12.603  0.6650E+00  0.3232E+00
 -12.593  0.6685E+00  0.3299E+00
 -12.583  0.6721E+00  0.3366E+00
 -12.573  0.6558E+00  0.3433E+00
 -12.563  0.6536E+00  0.3498E+00
 -12.553  0.6515E+00  0.3563E+00
 -12.543  0.6493E+00  0.3629E+00
 -12.533  0.6471E+00  0.3693E+00
 -12.523  0.6449E+00  0.3758E+00
 -12.513  0.6460E+00  0.3822E+00
 -12.503  0.6477E+00  0.3887E+00
 -12.493  0.6494E+00  0.3952E+00
 -12.483  0.6510E+00  0.4017E+00
 -12.473  0.6527E+00  0.4082E+00
 -12.463  0.6543E+00  0.4148E+00
 -12.453  0.6560E+00  0.4213E+00
 -12.443  0.6576E+00  0.4279E+00
 -12.433  0.6593E+00  0.4345E+00
 -12.423  0.6609E+00  0.4411E+00
 -12.413  0.6626E+00  0.4477E+00
 -12.403  0.6650E+00  0.4543E+00
 -12.393  0.6676E+00  0.4610E+00
 -12.383  0.6702E+00  0.4677E+00
 -12.373  0.6727E+00  0.4744E+00
 -12.363  0.6753E+00  0.4811E+00
 -12.353  0.6756E+00  0.4879E+00
 -12.343  0.6697E+00  0.4946E+00
 -12.333  0.6638E+00  0.5013E+00
 -12.323  0.6612E+00  0.5079E+00
 -12.313  0.6614E+00  0.5145E+00
 -12.303  0.6615E+00  0.5211E+00
 -12.293  0.6617E+00  0.5277E+00
 -12.283  0.6618E+00  0.5344E+00
 -12.273  0.6620E+00  0.5410E+00
 -12.263  0.6621E+00  0.5476E+00
 -12.253  0.6623E+00  0.5542E+00
 -12.243  0.6632E+00  0.5608E+00
 -12.233  0.6648E+00  0.5675E+00
 -12.223  0.6665E+00  0.5741E+00
 -12.213  0.6681E+00  0.5808E+00
 -12.203  0.6698E+00  0.5875E+00
 -12.193  0.6714E+00  0.5942E+00
 -12.183  0.6731E+00  0.6009E+00
 -12.173  0.6747E+00  0.6077E+00
 -12.163  0.6764E+00  0.6144E+00
 -12.153  0.6780E+00  0.6212E+00
 -12.143  0.6797E+00  0.6280E+00
 -12.133  0.6813E+00  0.6348E+00
 -12.123  0.6830E+00  0.6416E+00
 -12.113  0.6847E+00  0.6485E+00
 -12.103  0.6868E+00  0.6553E+00
 -12.093  0.6889E+00  0.6622E+00
 -12.083  0.6828E+00  0.6691E+00
 -12.073  0.6820E+00  0.6759E+00
 -12.063  0.6812E+00  0.6827E+00
 -12.053  0.6805E+00  0.6895E+00
 -12.043  0.6797E+00  0.6963E+00
 -12.033  0.6789E+00  0.7031E+00
 -12.023  0.6797E+00  0.7099E+00
 -12.013  0.6807E+00  0.7167E+00
 -12.003  0.6817E+00  0.7235E+00
 -11.993  0.6827E+00  0.7304E+00
 -11.983  0.6837E+00  0.7372E+00
 -11.973  0.6847E+00  0.7440E+00
 -11.963  0.6857E+00  0.7509E+00
 -11.953  0.6867E+00  0.7577E+00
 -11.943  0.6877E+00  0.7646E+00
 -11.933  0.6887E+00  0.7715E+00
 -11.923  0.6901E+00  0.7784E+00
 -11.913  0.6919E+00  0.7853E+00
 -11.903  0.6937E+00  0.7922E+00
 -11.893  0.6955E+00  0.7992E+00
 -11.883  0.6972E+00  0.8061E+00
 -11.873  0.6990E+00  0.8131E+00
 -11.863  0.7008E+00  0.8201E+00
 -11.853  0.7026E+00  0.8271E+00
 -11.843  0.7043E+00  0.8342E+00
 -11.833  0.7061E+00  0.8412E+00
 -11.823  0.7079E+00  0.8483E+00
 -11.813  0.7097E+00  0.8554E+00
 -11.803  0.7114E+00  0.8625E+00
 -11.793  0.7132E+00  0.8696E+00
 -11.783  0.7116E+00  0.8767E+00
 -11.773  0.7092E+00  0.8838E+00
 -11.763  0.7080E+00  0.8909E+00
 -11.753  0.7089E+00  0.8980E+00
 -11.743  0.7099E+00  0.9051E+00
 -11.733  0.7108E+00  0.9122E+00
 -11.723  0.7117E+00  0.9193E+00
 -11.713  0.7127E+00  0.9264E+00
 -11.703  0.7136E+00  0.9336E+00
 -11.693  0.7147E+00  0.9407E+00
 -11.683  0.7165E+00  0.9479E+00
 -11.673  0.7184E+00  0.9550E+00
 -11.663  0.7202E+00  0.9622E+00
 -11.653  0.7220E+00  0.9694E+00
 -11.643  0.7238E+00  0.9767E+00
 -11.633  0.7257E+00  0.9839E+00
 -11.623  0.7275E+00  0.9912E+00
 -11.613  0.7293E+00  0.9985E+00
 -11.603  0.7311E+00  0.1006E+01
 -11.593  0.7330E+00  0.1013E+01
 -11.583  0.7348E+00  0.1020E+01
 -11.573  0.7370E+00  0.1028E+01
 -11.563  0.7396E+00  0.1035E+01
 -11.553  0.7422E+00  0.1043E+01
 -11.543  0.7447E+00  0.1050E+01
 -11.533  0.7473E+00  0.1057E+01
 -11.523  0.7499E+00  0.1065E+01
 -11.513  0.7525E+00  0.1072E+01
 -11.503  0.7551E+00  0.1080E+01
 -11.493  0.7576E+00  0.1088E+01
 -11.483  0.7602E+00  0.1095E+01
 -11.473  0.7628E+00  0.1103E+01
 -11.463  0.7654E+00  0.1110E+01
 -11.453  0.7642E+00  0.1118E+01
 -11.443  0.7656E+00  0.1126E+01
 -11.433  0.7669E+00  0.1133E+01
 -11.423  0.7683E+00  0.1141E+01
 -11.413  0.7704E+00  0.1149E+01
 -11.403  0.7737E+00  0.1156E+01
 -11.393  0.7771E+00  0.1164E+01
 -11.383  0.7804E+00  0.1172E+01
 -11.373  0.7838E+00  0.1180E+01
 -11.363  0.7871E+00  0.1188E+01
 -11.353  0.7905E+00  0.1196E+01
 -11.343  0.7938E+00  0.1204E+01
 -11.333  0.7977E+00  0.1211E+01
 -11.323  0.8025E+00  0.1219E+01
 -11.313  0.8073E+00  0.1228E+01
 -11.303  0.8121E+00  0.1236E+01
 -11.293  0.8168E+00  0.1244E+01
 -11.283  0.8216E+00  0.1252E+01
 -11.273  0.8264E+00  0.1260E+01
 -11.263  0.8312E+00  0.1268E+01
 -11.253  0.8360E+00  0.1277E+01
 -11.243  0.8408E+00  0.1285E+01
 -11.233  0.8456E+00  0.1294E+01
 -11.223  0.8515E+00  0.1302E+01
 -11.213  0.8598E+00  0.1311E+01
 -11.203  0.8681E+00  0.1319E+01
 -11.193  0.8765E+00  0.1328E+01
 -11.183  0.8848E+00  0.1337E+01
 -11.173  0.8931E+00  0.1346E+01
 -11.163  0.9014E+00  0.1355E+01
 -11.153  0.9098E+00  0.1364E+01
 -11.143  0.9181E+00  0.1373E+01
 -11.133  0.9264E+00  0.1382E+01
 -11.123  0.9348E+00  0.1391E+01
 -11.113  0.9431E+00  0.1401E+01
 -11.103  0.9506E+00  0.1410E+01
 -11.093  0.9609E+00  0.1420E+01
 -11.083  0.9810E+00  0.1430E+01
 -11.073  0.1001E+01  0.1439E+01
 -11.063  0.1021E+01  0.1450E+01
 -11.053  0.1044E+01  0.1460E+01
 -11.043  0.1071E+01  0.1470E+01
 -11.033  0.1097E+01  0.1481E+01
 -11.023  0.1123E+01  0.1492E+01
 -11.013  0.1149E+01  0.1504E+01
 -11.003  0.1194E+01  0.1515E+01
 -10.993  0.1254E+01  0.1528E+01
 -10.983  0.1315E+01  0.1541E+01
 -10.973  0.1375E+01  0.1554E+01
 -10.963  0.3232E+01  0.1570E+01
 -10.953  0.2071E+01  0.1596E+01
 -10.943  0.1201E+01  0.1612E+01
 -10.933  0.1153E+01  0.1623E+01
 -10.923  0.1104E+01  0.1635E+01
 -10.913  0.1055E+01  0.1645E+01
 -10.903  0.1007E+01  0.1656E+01
 -10.893  0.9582E+00  0.1666E+01
 -10.883  0.9096E+00  0.1675E+01
 -10.873  0.8610E+00  0.1684E+01
 -10.863  0.8124E+00  0.1692E+01
 -10.853  0.7704E+00  0.1700E+01
 -10.843  0.7878E+00  0.1708E+01
 -10.833  0.8052E+00  0.1716E+01
 -10.823  0.8226E+00  0.1724E+01
 -10.813  0.8400E+00  0.1732E+01
 -10.803  0.8574E+00  0.1741E+01
 -10.793  0.8748E+00  0.1749E+01
 -10.783  0.6103E+00  0.1758E+01
 -10.773  0.6309E+00  0.1764E+01
 -10.763  0.6515E+00  0.1770E+01
 -10.753  0.6721E+00  0.1777E+01
 -10.743  0.6746E+00  0.1784E+01
 -10.733  0.6583E+00  0.1790E+01
 -10.723  0.6419E+00  0.1797E+01
 -10.713  0.6256E+00  0.1803E+01
 -10.703  0.6093E+00  0.1809E+01
 -10.693  0.5929E+00  0.1816E+01
 -10.683  0.5766E+00  0.1821E+01
 -10.673  0.5603E+00  0.1827E+01
 -10.663  0.5439E+00  0.1833E+01
 -10.653  0.5276E+00  0.1838E+01
 -10.643  0.5113E+00  0.1843E+01
 -10.633  0.4949E+00  0.1848E+01
 -10.623  0.4786E+00  0.1853E+01
 -10.613  0.4623E+00  0.1858E+01
 -10.603  0.4459E+00  0.1862E+01
 -10.593  0.4296E+00  0.1867E+01
 -10.583  0.4133E+00  0.1871E+01
 -10.573  0.4068E+00  0.1875E+01
 -10.563  0.4049E+00  0.1879E+01
 -10.553  0.4030E+00  0.1883E+01
 -10.543  0.4011E+00  0.1887E+01
 -10.533  0.3992E+00  0.1891E+01
 -10.523  0.3973E+00  0.1895E+01
 -10.513  0.3954E+00  0.1899E+01
 -10.503  0.3935E+00  0.1903E+01
 -10.493  0.3916E+00  0.1907E+01
 -10.483  0.3897E+00  0.1911E+01
 -10.473  0.3878E+00  0.1915E+01
 -10.463  0.3860E+00  0.1919E+01
 -10.453  0.3841E+00  0.1922E+01
 -10.443  0.3822E+00  0.1926E+01
 -10.433  0.3803E+00  0.1930E+01
 -10.423  0.2743E+00  0.1933E+01
 -10.413  0.2746E+00  0.1936E+01
 -10.403  0.2748E+00  0.1938E+01
 -10.393  0.2751E+00  0.1941E+01
 -10.383  0.2754E+00  0.1944E+01
 -10.373  0.2722E+00  0.1947E+01
 -10.363  0.2660E+00  0.1949E+01
 -10.353  0.2598E+00  0.1952E+01
 -10.343  0.2536E+00  0.1954E+01
 -10.333  0.2474E+00  0.1957E+01
 -10.323  0.2412E+00  0.1959E+01
 -10.313  0.2350E+00  0.1962E+01
 -10.303  0.2288E+00  0.1964E+01
 -10.293  0.2226E+00  0.1966E+01
 -10.283  0.2164E+00  0.1969E+01
 -10.273  0.2102E+00  0.1971E+01
 -10.263  0.2040E+00  0.1973E+01
 -10.253  0.1978E+00  0.1975E+01
 -10.243  0.1916E+00  0.1977E+01
 -10.233  0.1854E+00  0.1979E+01
 -10.223  0.1792E+00  0.1980E+01
 -10.213  0.1730E+00  0.1982E+01
 -10.203  0.1668E+00  0.1984E+01
 -10.193  0.1606E+00  0.1986E+01
 -10.183  0.1544E+00  0.1987E+01
 -10.173  0.1482E+00  0.1989E+01
 -10.163  0.1420E+00  0.1990E+01
 -10.153  0.1358E+00  0.1991E+01
 -10.143  0.1296E+00  0.1993E+01
 -10.133  0.1234E+00  0.1994E+01
 -10.123  0.0000E+00  0.2000E+01
 -10.113  0.0000E+00  0.2000E+01
 -10.103  0.0000E+00  0.2000E+01
 -10.093  0.0000E+00  0.2000E+01
 -10.083  0.0000E+00  0.2000E+01
 -10.073  0.0000E+00  0.2000E+01
 -10.063  0.0000E+00  0.2000E+01
 -10.053  0.0000E+00  0.2000E+01
 -10.043  0.0000E+00  0.2000E+01
 -10.033  0.0000E+00  0.2000E+01
 -10.023  0.0000E+00  0.2000E+01
 -10.013  0.0000E+00  0.2000E+01
 -10.003  0.0000E+00  0.2000E+01
  -9.993  0.0000E+00  0.2000E+01
  -9.983  0.0000E+00  0.2000E+01
  -9.973  0.0000E+00  0.2000E+01
  -9.963  0.0000E+00  0.2000E+01
  -9.953  0.0000E+00  0.2000E+01
  -9.943  0.0000E+00  0.2000E+01
  -9.933  0.0000E+00  0.2000E+01
  -9.923  0.0000E+00  0.2000E+01
  -9.913  0.0000E+00  0.2000E+01
  -9.903  0.0000E+00  0.2000E+01
  -9.893  0.0000E+00  0.2000E+01
  -9.883  0.0000E+00  0.2000E+01
  -9.873  0.0000E+00  0.2000E+01
  -9.863  0.0000E+00  0.2000E+01
  -9.853  0.0000E+00  0.2000E+01
  -9.843  0.0000E+00  0.2000E+01
  -9.833  0.0000E+00  0.2000E+01
  -9.823  0.0000E+00  0.2000E+01
  -9.813  0.0000E+00  0.2000E+01
  -9.803  0.0000E+00  0.2000E+01
  -9.793  0.0000E+00  0.2000E+01
  -9.783  0.0000E+00  0.2000E+01
  -9.773  0.0000E+00  0.2000E+01
  -9.763  0.0000E+00  0.2000E+01
  -9.753  0.0000E+00  0.2000E+01
  -9.743  0.1214E+00  0.2006E+01
  -9.733  0.1291E+00  0.2007E+01
  -9.723  0.1369E+00  0.2008E+01
  -9.713  0.1446E+00  0.2010E+01
  -9.703  0.1523E+00  0.2011E+01
  -9.693  0.1601E+00  0.2013E+01
  -9.683  0.1678E+00  0.2014E+01
  -9.673  0.1756E+00  0.2016E+01
  -9.663  0.1833E+00  0.2018E+01
  -9.653  0.1910E+00  0.2020E+01
  -9.643  0.1988E+00  0.2022E+01
  -9.633  0.2065E+00  0.2024E+01
  -9.623  0.2142E+00  0.2026E+01
  -9.613  0.2220E+00  0.2028E+01
  -9.603  0.2297E+00  0.2030E+01
  -9.593  0.2374E+00  0.2032E+01
  -9.583  0.2452E+00  0.2035E+01
  -9.573  0.2529E+00  0.2037E+01
  -9.563  0.2607E+00  0.2040E+01
  -9.553  0.2684E+00  0.2043E+01
  -9.543  0.2761E+00  0.2045E+01
  -9.533  0.2839E+00  0.2048E+01
  -9.523  0.2916E+00  0.2051E+01
  -9.513  0.2993E+00  0.2054E+01
  -9.503  0.3071E+00  0.2057E+01
  -9.493  0.3146E+00  0.2060E+01
  -9.483  0.2977E+00  0.2063E+01
  -9.473  0.2808E+00  0.2066E+01
  -9.463  0.5626E+00  0.2071E+01
  -9.453  0.5396E+00  0.2076E+01
  -9.443  0.5167E+00  0.2082E+01
  -9.433  0.4938E+00  0.2087E+01
  -9.423  0.4709E+00  0.2091E+01
  -9.413  0.4479E+00  0.2096E+01
  -9.403  0.4250E+00  0.2100E+01
  -9.393  0.4230E+00  0.2105E+01
  -9.383  0.4587E+00  0.2109E+01
  -9.373  0.4943E+00  0.2114E+01
  -9.363  0.5299E+00  0.2119E+01
  -9.353  0.5656E+00  0.2124E+01
  -9.343  0.6012E+00  0.2130E+01
  -9.333  0.6368E+00  0.2136E+01
  -9.323  0.6725E+00  0.2143E+01
  -9.313  0.7081E+00  0.2150E+01
  -9.303  0.7437E+00  0.2157E+01
  -9.293  0.9927E+00  0.2165E+01
  -9.283  0.1777E+01  0.2179E+01
  -9.273  0.2717E+01  0.2201E+01
  -9.263  0.1651E+01  0.2219E+01
  -9.253  0.1914E+01  0.2237E+01
  -9.243  0.2177E+01  0.2257E+01
  -9.233  0.2441E+01  0.2280E+01
  -9.223  0.1354E+01  0.2295E+01
  -9.213  0.1305E+01  0.2308E+01
  -9.203  0.1257E+01  0.2321E+01
  -9.193  0.1208E+01  0.2333E+01
  -9.183  0.1172E+01  0.2345E+01
  -9.173  0.1137E+01  0.2357E+01
  -9.163  0.1103E+01  0.2368E+01
  -9.153  0.1068E+01  0.2379E+01
  -9.143  0.1033E+01  0.2389E+01
  -9.133  0.9986E+00  0.2399E+01
  -9.123  0.9639E+00  0.2409E+01
  -9.113  0.9234E+00  0.2418E+01
  -9.103  0.8948E+00  0.2428E+01
  -9.093  0.8686E+00  0.2436E+01
  -9.083  0.8537E+00  0.2445E+01
  -9.073  0.8452E+00  0.2453E+01
  -9.063  0.8367E+00  0.2462E+01
  -9.053  0.8283E+00  0.2470E+01
  -9.043  0.8198E+00  0.2478E+01
  -9.033  0.8113E+00  0.2487E+01
  -9.023  0.8029E+00  0.2495E+01
  -9.013  0.7944E+00  0.2503E+01
  -9.003  0.7859E+00  0.2511E+01
  -8.993  0.7775E+00  0.2518E+01
  -8.983  0.7690E+00  0.2526E+01
  -8.973  0.7605E+00  0.2534E+01
  -8.963  0.7521E+00  0.2541E+01
  -8.953  0.7436E+00  0.2549E+01
  -8.943  0.7351E+00  0.2556E+01
  -8.933  0.7267E+00  0.2563E+01
  -8.923  0.7182E+00  0.2571E+01
  -8.913  0.7100E+00  0.2578E+01
  -8.903  0.7031E+00  0.2585E+01
  -8.893  0.6961E+00  0.2592E+01
  -8.883  0.6892E+00  0.2599E+01
  -8.873  0.6823E+00  0.2606E+01
  -8.863  0.6773E+00  0.2612E+01
  -8.853  0.6725E+00  0.2619E+01
  -8.843  0.6677E+00  0.2626E+01
  -8.833  0.6629E+00  0.2633E+01
  -8.823  0.6581E+00  0.2639E+01
  -8.813  0.6533E+00  0.2646E+01
  -8.803  0.6485E+00  0.2652E+01
  -8.793  0.6437E+00  0.2659E+01
  -8.783  0.6390E+00  0.2665E+01
  -8.773  0.6342E+00  0.2671E+01
  -8.763  0.6294E+00  0.2678E+01
  -8.753  0.6242E+00  0.2684E+01
  -8.743  0.6176E+00  0.2690E+01
  -8.733  0.6111E+00  0.2696E+01
  -8.723  0.6046E+00  0.2703E+01
  -8.713  0.5981E+00  0.2709E+01
  -8.703  0.5916E+00  0.2714E+01
  -8.693  0.5850E+00  0.2720E+01
  -8.683  0.5809E+00  0.2726E+01
  -8.673  0.5779E+00  0.2732E+01
  -8.663  0.5750E+00  0.2738E+01
  -8.653  0.5720E+00  0.2743E+01
  -8.643  0.5691E+00  0.2749E+01
  -8.633  0.5661E+00  0.2755E+01
  -8.623  0.5634E+00  0.2761E+01
  -8.613  0.5609E+00  0.2766E+01
  -8.603  0.5585E+00  0.2772E+01
  -8.593  0.5563E+00  0.2777E+01
  -8.583  0.5540E+00  0.2783E+01
  -8.573  0.5517E+00  0.2788E+01
  -8.563  0.5495E+00  0.2794E+01
  -8.553  0.5472E+00  0.2799E+01
  -8.543  0.5449E+00  0.2805E+01
  -8.533  0.5427E+00  0.2810E+01
  -8.523  0.5404E+00  0.2816E+01
  -8.513  0.5381E+00  0.2821E+01
  -8.503  0.5359E+00  0.2826E+01
  -8.493  0.5336E+00  0.2832E+01
  -8.483  0.5313E+00  0.2837E+01
  -8.473  0.5291E+00  0.2842E+01
  -8.463  0.5268E+00  0.2848E+01
  -8.453  0.5245E+00  0.2853E+01
  -8.443  0.5223E+00  0.2858E+01
  -8.433  0.5200E+00  0.2863E+01
  -8.423  0.5177E+00  0.2869E+01
  -8.413  0.5155E+00  0.2874E+01
  -8.403  0.5132E+00  0.2879E+01
  -8.393  0.5107E+00  0.2884E+01
  -8.383  0.5080E+00  0.2889E+01
  -8.373  0.5053E+00  0.2894E+01
  -8.363  0.5026E+00  0.2899E+01
  -8.353  0.4999E+00  0.2904E+01
  -8.343  0.4971E+00  0.2909E+01
  -8.333  0.4944E+00  0.2914E+01
  -8.323  0.4917E+00  0.2919E+01
  -8.313  0.4891E+00  0.2924E+01
  -8.303  0.4866E+00  0.2929E+01
  -8.293  0.4840E+00  0.2934E+01
  -8.283  0.4814E+00  0.2939E+01
  -8.273  0.4788E+00  0.2943E+01
  -8.263  0.4762E+00  0.2948E+01
  -8.253  0.4736E+00  0.2953E+01
  -8.243  0.4611E+00  0.2958E+01
  -8.233  0.4598E+00  0.2962E+01
  -8.223  0.4585E+00  0.2967E+01
  -8.213  0.4572E+00  0.2971E+01
  -8.203  0.4559E+00  0.2976E+01
  -8.193  0.4546E+00  0.2980E+01
  -8.183  0.4533E+00  0.2985E+01
  -8.173  0.4520E+00  0.2990E+01
  -8.163  0.4507E+00  0.2994E+01
  -8.153  0.4495E+00  0.2999E+01
  -8.143  0.4482E+00  0.3003E+01
  -8.133  0.4469E+00  0.3008E+01
  -8.123  0.4456E+00  0.3012E+01
  -8.113  0.4443E+00  0.3016E+01
  -8.103  0.4430E+00  0.3021E+01
  -8.093  0.4417E+00  0.3025E+01
  -8.083  0.4404E+00  0.3030E+01
  -8.073  0.4391E+00  0.3034E+01
  -8.063  0.4379E+00  0.3038E+01
  -8.053  0.4366E+00  0.3043E+01
  -8.043  0.4353E+00  0.3047E+01
  -8.033  0.4338E+00  0.3052E+01
  -8.023  0.4323E+00  0.3056E+01
  -8.013  0.4308E+00  0.3060E+01
  -8.003  0.4294E+00  0.3064E+01
  -7.993  0.4279E+00  0.3069E+01
  -7.983  0.4264E+00  0.3073E+01
  -7.973  0.4250E+00  0.3077E+01
  -7.963  0.4235E+00  0.3082E+01
  -7.953  0.4220E+00  0.3086E+01
  -7.943  0.4206E+00  0.3090E+01
  -7.933  0.4191E+00  0.3094E+01
  -7.923  0.4177E+00  0.3098E+01
  -7.913  0.4162E+00  0.3103E+01
  -7.903  0.4147E+00  0.3107E+01
  -7.893  0.4133E+00  0.3111E+01
  -7.883  0.4118E+00  0.3115E+01
  -7.873  0.4103E+00  0.3119E+01
  -7.863  0.4089E+00  0.3123E+01
  -7.853  0.4074E+00  0.3127E+01
  -7.843  0.4059E+00  0.3131E+01
  -7.833  0.4045E+00  0.3135E+01
  -7.823  0.4030E+00  0.3139E+01
  -7.813  0.4011E+00  0.3143E+01
  -7.803  0.3983E+00  0.3147E+01
  -7.793  0.3955E+00  0.3151E+01
  -7.783  0.3927E+00  0.3155E+01
  -7.773  0.3899E+00  0.3159E+01
  -7.763  0.3871E+00  0.3163E+01
  -7.753  0.3843E+00  0.3167E+01
  -7.743  0.3815E+00  0.3171E+01
  -7.733  0.3787E+00  0.3175E+01
  -7.723  0.3761E+00  0.3178E+01
  -7.713  0.3753E+00  0.3182E+01
  -7.703  0.3744E+00  0.3186E+01
  -7.693  0.3736E+00  0.3190E+01
  -7.683  0.3727E+00  0.3193E+01
  -7.673  0.3718E+00  0.3197E+01
  -7.663  0.3708E+00  0.3201E+01
  -7.653  0.3699E+00  0.3205E+01
  -7.643  0.3690E+00  0.3208E+01
  -7.633  0.3680E+00  0.3212E+01
  -7.623  0.3671E+00  0.3216E+01
  -7.613  0.3662E+00  0.3219E+01
  -7.603  0.3652E+00  0.3223E+01
  -7.593  0.3643E+00  0.3227E+01
  -7.583  0.3634E+00  0.3230E+01
  -7.573  0.3625E+00  0.3234E+01
  -7.563  0.3615E+00  0.3237E+01
  -7.553  0.3606E+00  0.3241E+01
  -7.543  0.3597E+00  0.3245E+01
  -7.533  0.3587E+00  0.3248E+01
  -7.523  0.3578E+00  0.3252E+01
  -7.513  0.3569E+00  0.3255E+01
  -7.503  0.3559E+00  0.3259E+01
  -7.493  0.3550E+00  0.3263E+01
  -7.483  0.3541E+00  0.3266E+01
  -7.473  0.3531E+00  0.3270E+01
  -7.463  0.3522E+00  0.3273E+01
  -7.453  0.3513E+00  0.3277E+01
  -7.443  0.3503E+00  0.3280E+01
  -7.433  0.3494E+00  0.3284E+01
  -7.423  0.3485E+00  0.3287E+01
  -7.413  0.3475E+00  0.3291E+01
  -7.403  0.3466E+00  0.3294E+01
  -7.393  0.3454E+00  0.3298E+01
  -7.383  0.3441E+00  0.3301E+01
  -7.373  0.3427E+00  0.3304E+01
  -7.363  0.3414E+00  0.3308E+01
  -7.353  0.3400E+00  0.3311E+01
  -7.343  0.3387E+00  0.3315E+01
  -7.333  0.3373E+00  0.3318E+01
  -7.323  0.3359E+00  0.3321E+01
  -7.313  0.3345E+00  0.3325E+01
  -7.303  0.3331E+00  0.3328E+01
  -7.293  0.3318E+00  0.3331E+01
  -7.283  0.3304E+00  0.3335E+01
  -7.273  0.3290E+00  0.3338E+01
  -7.263  0.3276E+00  0.3341E+01
  -7.253  0.3262E+00  0.3345E+01
  -7.243  0.3248E+00  0.3348E+01
  -7.233  0.3234E+00  0.3351E+01
  -7.223  0.3220E+00  0.3354E+01
  -7.213  0.3206E+00  0.3357E+01
  -7.203  0.3114E+00  0.3361E+01
  -7.193  0.3108E+00  0.3364E+01
  -7.183  0.3101E+00  0.3367E+01
  -7.173  0.3095E+00  0.3370E+01
  -7.163  0.3088E+00  0.3373E+01
  -7.153  0.3082E+00  0.3376E+01
  -7.143  0.3075E+00  0.3379E+01
  -7.133  0.3068E+00  0.3382E+01
  -7.123  0.3062E+00  0.3385E+01
  -7.113  0.3055E+00  0.3388E+01
  -7.103  0.3049E+00  0.3391E+01
  -7.093  0.3042E+00  0.3394E+01
  -7.083  0.3036E+00  0.3398E+01
  -7.073  0.3029E+00  0.3401E+01
  -7.063  0.3023E+00  0.3404E+01
  -7.053  0.3016E+00  0.3407E+01
  -7.043  0.3010E+00  0.3410E+01
  -7.033  0.3003E+00  0.3413E+01
  -7.023  0.2997E+00  0.3416E+01
  -7.013  0.2990E+00  0.3419E+01
  -7.003  0.2984E+00  0.3422E+01
  -6.993  0.2977E+00  0.3425E+01
  -6.983  0.2968E+00  0.3428E+01
  -6.973  0.2960E+00  0.3431E+01
  -6.963  0.2951E+00  0.3433E+01
  -6.953  0.2943E+00  0.3436E+01
  -6.943  0.2934E+00  0.3439E+01
  -6.933  0.2926E+00  0.3442E+01
  -6.923  0.2917E+00  0.3445E+01
  -6.913  0.2909E+00  0.3448E+01
  -6.903  0.2901E+00  0.3451E+01
  -6.893  0.2892E+00  0.3454E+01
  -6.883  0.2884E+00  0.3457E+01
  -6.873  0.2875E+00  0.3460E+01
  -6.863  0.2867E+00  0.3463E+01
  -6.853  0.2858E+00  0.3465E+01
  -6.843  0.2850E+00  0.3468E+01
  -6.833  0.2841E+00  0.3471E+01
  -6.823  0.2833E+00  0.3474E+01
  -6.813  0.2824E+00  0.3477E+01
  -6.803  0.2816E+00  0.3480E+01
  -6.793  0.2808E+00  0.3482E+01
  -6.783  0.2799E+00  0.3485E+01
  -6.773  0.2791E+00  0.3488E+01
  -6.763  0.2782E+00  0.3491E+01
  -6.753  0.2774E+00  0.3494E+01
  -6.743  0.2765E+00  0.3496E+01
  -6.733  0.2757E+00  0.3499E+01
  -6.723  0.2747E+00  0.3502E+01
  -6.713  0.2729E+00  0.3505E+01
  -6.703  0.2711E+00  0.3507E+01
  -6.693  0.2694E+00  0.3510E+01
  -6.683  0.2676E+00  0.3513E+01
  -6.673  0.2658E+00  0.3515E+01
  -6.663  0.2640E+00  0.3518E+01
  -6.653  0.2622E+00  0.3521E+01
  -6.643  0.2605E+00  0.3523E+01
  -6.633  0.2587E+00  0.3526E+01
  -6.623  0.2569E+00  0.3528E+01
  -6.613  0.2552E+00  0.3531E+01
  -6.603  0.2546E+00  0.3534E+01
  -6.593  0.2540E+00  0.3536E+01
  -6.583  0.2535E+00  0.3539E+01
  -6.573  0.2529E+00  0.3541E+01
  -6.563  0.2523E+00  0.3544E+01
  -6.553  0.6798E+00  0.3552E+01
  -6.543  0.6800E+00  0.3559E+01
  -6.533  0.6803E+00  0.3566E+01
  -6.523  0.6806E+00  0.3572E+01
  -6.513  0.6809E+00  0.3579E+01
  -6.503  0.6812E+00  0.3586E+01
  -6.493  0.6815E+00  0.3593E+01
  -6.483  0.6834E+00  0.3600E+01
  -6.473  0.6937E+00  0.3607E+01
  -6.463  0.7040E+00  0.3613E+01
  -6.453  0.7143E+00  0.3621E+01
  -6.443  0.7246E+00  0.3628E+01
  -6.433  0.7349E+00  0.3635E+01
  -6.423  0.7452E+00  0.3642E+01
  -6.413  0.7555E+00  0.3650E+01
  -6.403  0.7658E+00  0.3658E+01
  -6.393  0.7761E+00  0.3665E+01
  -6.383  0.7145E+00  0.3673E+01
  -6.373  0.7150E+00  0.3680E+01
  -6.363  0.7156E+00  0.3687E+01
  -6.353  0.7162E+00  0.3694E+01
  -6.343  0.7168E+00  0.3701E+01
  -6.333  0.7174E+00  0.3709E+01
  -6.323  0.7180E+00  0.3716E+01
  -6.313  0.7185E+00  0.3723E+01
  -6.303  0.7191E+00  0.3730E+01
  -6.293  0.7197E+00  0.3737E+01
  -6.283  0.7203E+00  0.3745E+01
  -6.273  0.7155E+00  0.3752E+01
  -6.263  0.7195E+00  0.3759E+01
  -6.253  0.7233E+00  0.3766E+01
  -6.243  0.7271E+00  0.3773E+01
  -6.233  0.7309E+00  0.3781E+01
  -6.223  0.7347E+00  0.3788E+01
  -6.213  0.7385E+00  0.3795E+01
  -6.203  0.7423E+00  0.3803E+01
  -6.193  0.7461E+00  0.3810E+01
  -6.183  0.7499E+00  0.3818E+01
  -6.173  0.7537E+00  0.3825E+01
  -6.163  0.7575E+00  0.3833E+01
  -6.153  0.7613E+00  0.3840E+01
  -6.143  0.7652E+00  0.3848E+01
  -6.133  0.7690E+00  0.3856E+01
  -6.123  0.7728E+00  0.3863E+01
  -6.113  0.7702E+00  0.3871E+01
  -6.103  0.7640E+00  0.3879E+01
  -6.093  0.7578E+00  0.3886E+01
  -6.083  0.7516E+00  0.3894E+01
  -6.073  0.7486E+00  0.3901E+01
  -6.063  0.7486E+00  0.3909E+01
  -6.053  0.7498E+00  0.3916E+01
  -6.043  0.7445E+00  0.3924E+01
  -6.033  0.7462E+00  0.3931E+01
  -6.023  0.7479E+00  0.3939E+01
  -6.013  0.7496E+00  0.3946E+01
  -6.003  0.7514E+00  0.3954E+01
  -5.993  0.7531E+00  0.3961E+01
  -5.983  0.7548E+00  0.3969E+01
  -5.973  0.7565E+00  0.3976E+01
  -5.963  0.7582E+00  0.3984E+01
  -5.953  0.7600E+00  0.3992E+01
  -5.943  0.7621E+00  0.3999E+01
  -5.933  0.7643E+00  0.4007E+01
  -5.923  0.7665E+00  0.4014E+01
  -5.913  0.7687E+00  0.4022E+01
  -5.903  0.7709E+00  0.4030E+01
  -5.893  0.7730E+00  0.4038E+01
  -5.883  0.7752E+00  0.4045E+01
  -5.873  0.7774E+00  0.4053E+01
  -5.863  0.7796E+00  0.4061E+01
  -5.853  0.7817E+00  0.4069E+01
  -5.843  0.7838E+00  0.4076E+01
  -5.833  0.7859E+00  0.4084E+01
  -5.823  0.7879E+00  0.4092E+01
  -5.813  0.7900E+00  0.4100E+01
  -5.803  0.7921E+00  0.4108E+01
  -5.793  0.7941E+00  0.4116E+01
  -5.783  0.7962E+00  0.4124E+01
  -5.773  0.7983E+00  0.4132E+01
  -5.763  0.8004E+00  0.4140E+01
  -5.753  0.8024E+00  0.4148E+01
  -5.743  0.8125E+00  0.4156E+01
  -5.733  0.8126E+00  0.4164E+01
  -5.723  0.8147E+00  0.4172E+01
  -5.713  0.8168E+00  0.4180E+01
  -5.703  0.8188E+00  0.4188E+01
  -5.693  0.8209E+00  0.4197E+01
  -5.683  0.8230E+00  0.4205E+01
  -5.673  0.8250E+00  0.4213E+01
  -5.663  0.8272E+00  0.4221E+01
  -5.653  0.8294E+00  0.4230E+01
  -5.643  0.8316E+00  0.4238E+01
  -5.633  0.8338E+00  0.4246E+01
  -5.623  0.8360E+00  0.4255E+01
  -5.613  0.8382E+00  0.4263E+01
  -5.603  0.8404E+00  0.4271E+01
  -5.593  0.8426E+00  0.4280E+01
  -5.583  0.8448E+00  0.4288E+01
  -5.573  0.8470E+00  0.4297E+01
  -5.563  0.8492E+00  0.4305E+01
  -5.553  0.8514E+00  0.4314E+01
  -5.543  0.8536E+00  0.4322E+01
  -5.533  0.8555E+00  0.4331E+01
  -5.523  0.8568E+00  0.4339E+01
  -5.513  0.8580E+00  0.4348E+01
  -5.503  0.8592E+00  0.4357E+01
  -5.493  0.8604E+00  0.4365E+01
  -5.483  0.8616E+00  0.4374E+01
  -5.473  0.8629E+00  0.4382E+01
  -5.463  0.8641E+00  0.4391E+01
  -5.453  0.8653E+00  0.4400E+01
  -5.443  0.8679E+00  0.4408E+01
  -5.433  0.8710E+00  0.4417E+01
  -5.423  0.8742E+00  0.4426E+01
  -5.413  0.8774E+00  0.4434E+01
  -5.403  0.8805E+00  0.4443E+01
  -5.393  0.8840E+00  0.4452E+01
  -5.383  0.8879E+00  0.4461E+01
  -5.373  0.8918E+00  0.4470E+01
  -5.363  0.8957E+00  0.4479E+01
  -5.353  0.8996E+00  0.4488E+01
  -5.343  0.9031E+00  0.4497E+01
  -5.333  0.9160E+00  0.4506E+01
  -5.323  0.9320E+00  0.4515E+01
  -5.313  0.9473E+00  0.4524E+01
  -5.303  0.9542E+00  0.4534E+01
  -5.293  0.9610E+00  0.4544E+01
  -5.283  0.9679E+00  0.4553E+01
  -5.273  0.9748E+00  0.4563E+01
  -5.263  0.9817E+00  0.4573E+01
  -5.253  0.9886E+00  0.4583E+01
  -5.243  0.9954E+00  0.4592E+01
  -5.233  0.1002E+01  0.4602E+01
  -5.223  0.1007E+01  0.4613E+01
  -5.213  0.1012E+01  0.4623E+01
  -5.203  0.1017E+01  0.4633E+01
  -5.193  0.1022E+01  0.4643E+01
  -5.183  0.1027E+01  0.4653E+01
  -5.173  0.1032E+01  0.4663E+01
  -5.163  0.1037E+01  0.4674E+01
  -5.153  0.1042E+01  0.4684E+01
  -5.143  0.1046E+01  0.4695E+01
  -5.133  0.1051E+01  0.4705E+01
  -5.123  0.1056E+01  0.4716E+01
  -5.113  0.1061E+01  0.4726E+01
  -5.103  0.1066E+01  0.4737E+01
  -5.093  0.1072E+01  0.4748E+01
  -5.083  0.1091E+01  0.4758E+01
  -5.073  0.1098E+01  0.4769E+01
  -5.063  0.1106E+01  0.4780E+01
  -5.053  0.1113E+01  0.4791E+01
  -5.043  0.1120E+01  0.4803E+01
  -5.033  0.1128E+01  0.4814E+01
  -5.023  0.1135E+01  0.4825E+01
  -5.013  0.1142E+01  0.4837E+01
  -5.003  0.1150E+01  0.4848E+01
  -4.993  0.1334E+01  0.4861E+01
  -4.983  0.1399E+01  0.4874E+01
  -4.973  0.1464E+01  0.4889E+01
  -4.963  0.1529E+01  0.4903E+01
  -4.953  0.1595E+01  0.4919E+01
  -4.943  0.1631E+01  0.4935E+01
  -4.933  0.1665E+01  0.4952E+01
  -4.923  0.1698E+01  0.4969E+01
  -4.913  0.1731E+01  0.4986E+01
  -4.903  0.1764E+01  0.5003E+01
  -4.893  0.1796E+01  0.5021E+01
  -4.883  0.1829E+01  0.5039E+01
  -4.873  0.1861E+01  0.5058E+01
  -4.863  0.1797E+01  0.5076E+01
  -4.853  0.1636E+01  0.5093E+01
  -4.843  0.1504E+01  0.5109E+01
  -4.833  0.1464E+01  0.5124E+01
  -4.823  0.1425E+01  0.5138E+01
  -4.813  0.1908E+01  0.5155E+01
  -4.803  0.2261E+01  0.5176E+01
  -4.793  0.2613E+01  0.5201E+01
  -4.783  0.2149E+01  0.5223E+01
  -4.773  0.2163E+01  0.5245E+01
  -4.763  0.2190E+01  0.5266E+01
  -4.753  0.2218E+01  0.5288E+01
  -4.743  0.2247E+01  0.5311E+01
  -4.733  0.2160E+01  0.5333E+01
  -4.723  0.1685E+01  0.5352E+01
  -4.713  0.1204E+01  0.5367E+01
  -4.703  0.9328E+00  0.5377E+01
  -4.693  0.9140E+00  0.5386E+01
  -4.683  0.8933E+00  0.5395E+01
  -4.673  0.8718E+00  0.5404E+01
  -4.663  0.8587E+00  0.5413E+01
  -4.653  0.8494E+00  0.5421E+01
  -4.643  0.8402E+00  0.5430E+01
  -4.633  0.8309E+00  0.5438E+01
  -4.623  0.1130E+01  0.5447E+01
  -4.613  0.1247E+01  0.5459E+01
  -4.603  0.1363E+01  0.5472E+01
  -4.593  0.1480E+01  0.5486E+01
  -4.583  0.1597E+01  0.5501E+01
  -4.573  0.1713E+01  0.5518E+01
  -4.563  0.1747E+01  0.5535E+01
  -4.553  0.1735E+01  0.5553E+01
  -4.543  0.1720E+01  0.5570E+01
  -4.533  0.1702E+01  0.5587E+01
  -4.523  0.1684E+01  0.5604E+01
  -4.513  0.1672E+01  0.5621E+01
  -4.503  0.1661E+01  0.5637E+01
  -4.493  0.1650E+01  0.5654E+01
  -4.483  0.1754E+01  0.5671E+01
  -4.473  0.2037E+01  0.5690E+01
  -4.463  0.2320E+01  0.5711E+01
  -4.453  0.2383E+01  0.5735E+01
  -4.443  0.2329E+01  0.5759E+01
  -4.433  0.2276E+01  0.5782E+01
  -4.423  0.1640E+01  0.5803E+01
  -4.413  0.1564E+01  0.5819E+01
  -4.403  0.1488E+01  0.5834E+01
  -4.393  0.1412E+01  0.5849E+01
  -4.383  0.1336E+01  0.5862E+01
  -4.373  0.1405E+01  0.5876E+01
  -4.363  0.1631E+01  0.5891E+01
  -4.353  0.1856E+01  0.5908E+01
  -4.343  0.2081E+01  0.5928E+01
  -4.333  0.1530E+00  0.5933E+01
  -4.323  0.1493E+00  0.5934E+01
  -4.313  0.1455E+00  0.5936E+01
  -4.303  0.1417E+00  0.5937E+01
  -4.293  0.5126E+00  0.5939E+01
  -4.283  0.6309E+00  0.5945E+01
  -4.273  0.7492E+00  0.5952E+01
  -4.263  0.8674E+00  0.5960E+01
  -4.253  0.9857E+00  0.5969E+01
  -4.243  0.1104E+01  0.5980E+01
  -4.233  0.1210E+01  0.5991E+01
  -4.223  0.1315E+01  0.6004E+01
  -4.213  0.1420E+01  0.6018E+01
  -4.203  0.1525E+01  0.6032E+01
  -4.193  0.1632E+01  0.6048E+01
  -4.183  0.1740E+01  0.6065E+01
  -4.173  0.1848E+01  0.6083E+01
  -4.163  0.1956E+01  0.6102E+01
  -4.153  0.2064E+01  0.6122E+01
  -4.143  0.2161E+01  0.6143E+01
  -4.133  0.1544E+01  0.6162E+01
  -4.123  0.1411E+01  0.6177E+01
  -4.113  0.1322E+01  0.6191E+01
  -4.103  0.1317E+01  0.6204E+01
  -4.093  0.1312E+01  0.6217E+01
  -4.083  0.1307E+01  0.6230E+01
  -4.073  0.1296E+01  0.6243E+01
  -4.063  0.1282E+01  0.6256E+01
  -4.053  0.1269E+01  0.6269E+01
  -4.043  0.1261E+01  0.6281E+01
  -4.033  0.1254E+01  0.6294E+01
  -4.023  0.1246E+01  0.6306E+01
  -4.013  0.1239E+01  0.6319E+01
  -4.003  0.1231E+01  0.6331E+01
  -3.993  0.1224E+01  0.6344E+01
  -3.983  0.1216E+01  0.6356E+01
  -3.973  0.1209E+01  0.6368E+01
  -3.963  0.1203E+01  0.6380E+01
  -3.953  0.1197E+01  0.6392E+01
  -3.943  0.1191E+01  0.6404E+01
  -3.933  0.1185E+01  0.6416E+01
  -3.923  0.1191E+01  0.6428E+01
  -3.913  0.1199E+01  0.6440E+01
  -3.903  0.1207E+01  0.6452E+01
  -3.893  0.1254E+01  0.6464E+01
  -3.883  0.1246E+01  0.6476E+01
  -3.873  0.1239E+01  0.6489E+01
  -3.863  0.1232E+01  0.6501E+01
  -3.853  0.1225E+01  0.6513E+01
  -3.843  0.1217E+01  0.6526E+01
  -3.833  0.1211E+01  0.6538E+01
  -3.823  0.1204E+01  0.6550E+01
  -3.813  0.1188E+01  0.6562E+01
  -3.803  0.1179E+01  0.6574E+01
  -3.793  0.1212E+01  0.6586E+01
  -3.783  0.1198E+01  0.6598E+01
  -3.773  0.1184E+01  0.6610E+01
  -3.763  0.1170E+01  0.6621E+01
  -3.753  0.1158E+01  0.6633E+01
  -3.743  0.1147E+01  0.6645E+01
  -3.733  0.1169E+01  0.6656E+01
  -3.723  0.1191E+01  0.6668E+01
  -3.713  0.1213E+01  0.6680E+01
  -3.703  0.1206E+01  0.6692E+01
  -3.693  0.1188E+01  0.6704E+01
  -3.683  0.1169E+01  0.6716E+01
  -3.673  0.1151E+01  0.6727E+01
  -3.663  0.1133E+01  0.6739E+01
  -3.653  0.1115E+01  0.6750E+01
  -3.643  0.1098E+01  0.6761E+01
  -3.633  0.1080E+01  0.6772E+01
  -3.623  0.1062E+01  0.6783E+01
  -3.613  0.1045E+01  0.6793E+01
  -3.603  0.1290E+01  0.6805E+01
  -3.593  0.1171E+01  0.6817E+01
  -3.583  0.1053E+01  0.6828E+01
  -3.573  0.9337E+00  0.6838E+01
  -3.563  0.8149E+00  0.6847E+01
  -3.553  0.7291E+00  0.6854E+01
  -3.543  0.7310E+00  0.6862E+01
  -3.533  0.7329E+00  0.6869E+01
  -3.523  0.7317E+00  0.6876E+01
  -3.513  0.7292E+00  0.6884E+01
  -3.503  0.7281E+00  0.6891E+01
  -3.493  0.7292E+00  0.6898E+01
  -3.483  0.7302E+00  0.6906E+01
  -3.473  0.7313E+00  0.6913E+01
  -3.463  0.7324E+00  0.6920E+01
  -3.453  0.7334E+00  0.6927E+01
  -3.443  0.7345E+00  0.6935E+01
  -3.433  0.7359E+00  0.6942E+01
  -3.423  0.7379E+00  0.6950E+01
  -3.413  0.7399E+00  0.6957E+01
  -3.403  0.7419E+00  0.6964E+01
  -3.393  0.7439E+00  0.6972E+01
  -3.383  0.7459E+00  0.6979E+01
  -3.373  0.7478E+00  0.6987E+01
  -3.363  0.7498E+00  0.6994E+01
  -3.353  0.7518E+00  0.7002E+01
  -3.343  0.7538E+00  0.7009E+01
  -3.333  0.7558E+00  0.7017E+01
  -3.323  0.7578E+00  0.7024E+01
  -3.313  0.7606E+00  0.7032E+01
  -3.303  0.7634E+00  0.7040E+01
  -3.293  0.7662E+00  0.7047E+01
  -3.283  0.7690E+00  0.7055E+01
  -3.273  0.7718E+00  0.7063E+01
  -3.263  0.7746E+00  0.7070E+01
  -3.253  0.7774E+00  0.7078E+01
  -3.243  0.7802E+00  0.7086E+01
  -3.233  0.7830E+00  0.7094E+01
  -3.223  0.7858E+00  0.7102E+01
  -3.213  0.7886E+00  0.7109E+01
  -3.203  0.7879E+00  0.7117E+01
  -3.193  0.7895E+00  0.7125E+01
  -3.183  0.7911E+00  0.7133E+01
  -3.173  0.7928E+00  0.7141E+01
  -3.163  0.7952E+00  0.7149E+01
  -3.153  0.7989E+00  0.7157E+01
  -3.143  0.8026E+00  0.7165E+01
  -3.133  0.8063E+00  0.7173E+01
  -3.123  0.8100E+00  0.7181E+01
  -3.113  0.8137E+00  0.7189E+01
  -3.103  0.8174E+00  0.7197E+01
  -3.093  0.8211E+00  0.7205E+01
  -3.083  0.8258E+00  0.7214E+01
  -3.073  0.8311E+00  0.7222E+01
  -3.063  0.8363E+00  0.7230E+01
  -3.053  0.8416E+00  0.7239E+01
  -3.043  0.8469E+00  0.7247E+01
  -3.033  0.8521E+00  0.7256E+01
  -3.023  0.8574E+00  0.7264E+01
  -3.013  0.8626E+00  0.7273E+01
  -3.003  0.8679E+00  0.7281E+01
  -2.993  0.8732E+00  0.7290E+01
  -2.983  0.8784E+00  0.7299E+01
  -2.973  0.8875E+00  0.7308E+01
  -2.963  0.8966E+00  0.7317E+01
  -2.953  0.9058E+00  0.7326E+01
  -2.943  0.9149E+00  0.7335E+01
  -2.933  0.9240E+00  0.7344E+01
  -2.923  0.9332E+00  0.7353E+01
  -2.913  0.9423E+00  0.7363E+01
  -2.903  0.9514E+00  0.7372E+01
  -2.893  0.9605E+00  0.7382E+01
  -2.883  0.9697E+00  0.7391E+01
  -2.873  0.9788E+00  0.7401E+01
  -2.863  0.9874E+00  0.7411E+01
  -2.853  0.1001E+01  0.7421E+01
  -2.843  0.1023E+01  0.7431E+01
  -2.833  0.1045E+01  0.7441E+01
  -2.823  0.1067E+01  0.7452E+01
  -2.813  0.1095E+01  0.7463E+01
  -2.803  0.1124E+01  0.7474E+01
  -2.793  0.1153E+01  0.7485E+01
  -2.783  0.1182E+01  0.7497E+01
  -2.773  0.1211E+01  0.7509E+01
  -2.763  0.1278E+01  0.7521E+01
  -2.753  0.1345E+01  0.7534E+01
  -2.743  0.1412E+01  0.7548E+01
  -2.733  0.1479E+01  0.7563E+01
  -2.723  0.2442E+01  0.7590E+01
  -2.713  0.1261E+01  0.7608E+01
  -2.703  0.1208E+01  0.7620E+01
  -2.693  0.1155E+01  0.7632E+01
  -2.683  0.1102E+01  0.7643E+01
  -2.673  0.1049E+01  0.7654E+01
  -2.663  0.9967E+00  0.7664E+01
  -2.653  0.9439E+00  0.7674E+01
  -2.643  0.8910E+00  0.7683E+01
  -2.633  0.8382E+00  0.7692E+01
  -2.623  0.8037E+00  0.7700E+01
  -2.613  0.8210E+00  0.7708E+01
  -2.603  0.8383E+00  0.7716E+01
  -2.593  0.8556E+00  0.7725E+01
  -2.583  0.8729E+00  0.7733E+01
  -2.573  0.8902E+00  0.7742E+01
  -2.563  0.9076E+00  0.7751E+01
  -2.553  0.6396E+00  0.7759E+01
  -2.543  0.6600E+00  0.7766E+01
  -2.533  0.6804E+00  0.7772E+01
  -2.523  0.6966E+00  0.7779E+01
  -2.513  0.6940E+00  0.7786E+01
  -2.503  0.6763E+00  0.7793E+01
  -2.493  0.6586E+00  0.7800E+01
  -2.483  0.6410E+00  0.7806E+01
  -2.473  0.6233E+00  0.7812E+01
  -2.463  0.6057E+00  0.7819E+01
  -2.453  0.5880E+00  0.7825E+01
  -2.443  0.5703E+00  0.7830E+01
  -2.433  0.5527E+00  0.7836E+01
  -2.423  0.5350E+00  0.7841E+01
  -2.413  0.5173E+00  0.7847E+01
  -2.403  0.4997E+00  0.7852E+01
  -2.393  0.4820E+00  0.7857E+01
  -2.383  0.4644E+00  0.7861E+01
  -2.373  0.4467E+00  0.7866E+01
  -2.363  0.4290E+00  0.7870E+01
  -2.353  0.4228E+00  0.7875E+01
  -2.343  0.4206E+00  0.7879E+01
  -2.333  0.4183E+00  0.7883E+01
  -2.323  0.4161E+00  0.7887E+01
  -2.313  0.4139E+00  0.7891E+01
  -2.303  0.4116E+00  0.7895E+01
  -2.293  0.4094E+00  0.7900E+01
  -2.283  0.4072E+00  0.7904E+01
  -2.273  0.4050E+00  0.7908E+01
  -2.263  0.4027E+00  0.7912E+01
  -2.253  0.4005E+00  0.7916E+01
  -2.243  0.3983E+00  0.7920E+01
  -2.233  0.3960E+00  0.7924E+01
  -2.223  0.3938E+00  0.7928E+01
  -2.213  0.2845E+00  0.7931E+01
  -2.203  0.2846E+00  0.7934E+01
  -2.193  0.2846E+00  0.7937E+01
  -2.183  0.2847E+00  0.7940E+01
  -2.173  0.2847E+00  0.7943E+01
  -2.163  0.2847E+00  0.7945E+01
  -2.153  0.2781E+00  0.7948E+01
  -2.143  0.2715E+00  0.7951E+01
  -2.133  0.2648E+00  0.7954E+01
  -2.123  0.2582E+00  0.7956E+01
  -2.113  0.2516E+00  0.7959E+01
  -2.103  0.2449E+00  0.7961E+01
  -2.093  0.2383E+00  0.7964E+01
  -2.083  0.2316E+00  0.7966E+01
  -2.073  0.2250E+00  0.7968E+01
  -2.063  0.2184E+00  0.7971E+01
  -2.053  0.2117E+00  0.7973E+01
  -2.043  0.2051E+00  0.7975E+01
  -2.033  0.1985E+00  0.7977E+01
  -2.023  0.1918E+00  0.7979E+01
  -2.013  0.1852E+00  0.7981E+01
  -2.003  0.1785E+00  0.7982E+01
  -1.993  0.1719E+00  0.7984E+01
  -1.983  0.1653E+00  0.7986E+01
  -1.973  0.1586E+00  0.7988E+01
  -1.963  0.1520E+00  0.7989E+01
  -1.953  0.1454E+00  0.7991E+01
  -1.943  0.1387E+00  0.7992E+01
  -1.933  0.1321E+00  0.7993E+01
  -1.923  0.1254E+00  0.7995E+01
  -1.913  0.0000E+00  0.8000E+01
  -1.903  0.0000E+00  0.8000E+01
  -1.893  0.0000E+00  0.8000E+01
  -1.883  0.0000E+00  0.8000E+01
  -1.873  0.0000E+00  0.8000E+01
  -1.863  0.0000E+00  0.8000E+01
  -1.853  0.0000E+00  0.8000E+01
  -1.843  0.0000E+00  0.8000E+01
  -1.833  0.0000E+00  0.8000E+01
  -1.823  0.0000E+00  0.8000E+01
  -1.813  0.0000E+00  0.8000E+01
  -1.803  0.0000E+00  0.8000E+01
  -1.793  0.0000E+00  0.8000E+01
  -1.783  0.0000E+00  0.8000E+01
  -1.773  0.0000E+00  0.8000E+01
  -1.763  0.0000E+00  0.8000E+01
  -1.753  0.0000E+00  0.8000E+01
  -1.743  0.0000E+00  0.8000E+01
  -1.733  0.0000E+00  0.8000E+01
  -1.723  0.0000E+00  0.8000E+01
  -1.713  0.0000E+00  0.8000E+01
  -1.703  0.0000E+00  0.8000E+01
  -1.693  0.0000E+00  0.8000E+01
  -1.683  0.0000E+00  0.8000E+01
  -1.673  0.0000E+00  0.8000E+01
  -1.663  0.0000E+00  0.8000E+01
  -1.653  0.0000E+00  0.8000E+01
  -1.643  0.0000E+00  0.8000E+01
  -1.633  0.0000E+00  0.8000E+01
  -1.623  0.0000E+00  0.8000E+01
  -1.613  0.0000E+00  0.8000E+01
  -1.603  0.0000E+00  0.8000E+01
  -1.593  0.0000E+00  0.8000E+01
  -1.583  0.0000E+00  0.8000E+01
  -1.573  0.0000E+00  0.8000E+01
  -1.563  0.0000E+00  0.8000E+01
  -1.553  0.0000E+00  0.8000E+01
  -1.543  0.1293E+00  0.8006E+01
  -1.533  0.1371E+00  0.8008E+01
  -1.523  0.1450E+00  0.8009E+01
  -1.513  0.1528E+00  0.8010E+01
  -1.503  0.1606E+00  0.8012E+01
  -1.493  0.1684E+00  0.8014E+01
  -1.483  0.1762E+00  0.8015E+01
  -1.473  0.1840E+00  0.8017E+01
  -1.463  0.1918E+00  0.8019E+01
  -1.453  0.1997E+00  0.8021E+01
  -1.443  0.2075E+00  0.8023E+01
  -1.433  0.2153E+00  0.8025E+01
  -1.423  0.2231E+00  0.8027E+01
  -1.413  0.2309E+00  0.8030E+01
  -1.403  0.2387E+00  0.8032E+01
  -1.393  0.2466E+00  0.8034E+01
  -1.383  0.2544E+00  0.8037E+01
  -1.373  0.2622E+00  0.8039E+01
  -1.363  0.2700E+00  0.8042E+01
  -1.353  0.2778E+00  0.8045E+01
  -1.343  0.2856E+00  0.8048E+01
  -1.333  0.2934E+00  0.8051E+01
  -1.323  0.3013E+00  0.8054E+01
  -1.313  0.3091E+00  0.8057E+01
  -1.303  0.3104E+00  0.8060E+01
  -1.293  0.2994E+00  0.8063E+01
  -1.283  0.2884E+00  0.8066E+01
  -1.273  0.5164E+00  0.8069E+01
  -1.263  0.5046E+00  0.8074E+01
  -1.253  0.4928E+00  0.8079E+01
  -1.243  0.4810E+00  0.8084E+01
  -1.233  0.4691E+00  0.8089E+01
  -1.223  0.4573E+00  0.8094E+01
  -1.213  0.4455E+00  0.8098E+01
  -1.203  0.4336E+00  0.8103E+01
  -1.193  0.4218E+00  0.8107E+01
  -1.183  0.4411E+00  0.8111E+01
  -1.173  0.4726E+00  0.8116E+01
  -1.163  0.5041E+00  0.8121E+01
  -1.153  0.5357E+00  0.8126E+01
  -1.143  0.5672E+00  0.8131E+01
  -1.133  0.5987E+00  0.8137E+01
  -1.123  0.6302E+00  0.8143E+01
  -1.113  0.6976E+00  0.8150E+01
  -1.103  0.9273E+00  0.8158E+01
  -1.093  0.1157E+01  0.8168E+01
  -1.083  0.1323E+01  0.8181E+01
  -1.073  0.1381E+01  0.8194E+01
  -1.063  0.1622E+01  0.8209E+01
  -1.053  0.1697E+01  0.8240E+01
  -1.043  0.1794E+01  0.8258E+01
  -1.033  0.1925E+01  0.8276E+01
  -1.023  0.2064E+01  0.8296E+01
  -1.013  0.2203E+01  0.8318E+01
  -1.003  0.2342E+01  0.8340E+01
  -0.993  0.1768E+01  0.8363E+01
  -0.983  0.1798E+01  0.8381E+01
  -0.973  0.1829E+01  0.8399E+01
  -0.963  0.1859E+01  0.8418E+01
  -0.953  0.1889E+01  0.8437E+01
  -0.943  0.1909E+01  0.8456E+01
  -0.933  0.1947E+01  0.8475E+01
  -0.923  0.1985E+01  0.8494E+01
  -0.913  0.2024E+01  0.8515E+01
  -0.903  0.1846E+01  0.8533E+01
  -0.893  0.1834E+01  0.8552E+01
  -0.883  0.1822E+01  0.8570E+01
  -0.873  0.1810E+01  0.8588E+01
  -0.863  0.1619E+01  0.8605E+01
  -0.853  0.1469E+01  0.8621E+01
  -0.843  0.1459E+01  0.8635E+01
  -0.833  0.1452E+01  0.8650E+01
  -0.823  0.1445E+01  0.8664E+01
  -0.813  0.1438E+01  0.8679E+01
  -0.803  0.1431E+01  0.8693E+01
  -0.793  0.1424E+01  0.8707E+01
  -0.783  0.1417E+01  0.8722E+01
  -0.773  0.1411E+01  0.8736E+01
  -0.763  0.1404E+01  0.8750E+01
  -0.753  0.1397E+01  0.8764E+01
  -0.743  0.1391E+01  0.8778E+01
  -0.733  0.1386E+01  0.8792E+01
  -0.723  0.1382E+01  0.8805E+01
  -0.713  0.1377E+01  0.8819E+01
  -0.703  0.1374E+01  0.8833E+01
  -0.693  0.1371E+01  0.8847E+01
  -0.683  0.1368E+01  0.8860E+01
  -0.673  0.1361E+01  0.8874E+01
  -0.663  0.1354E+01  0.8888E+01
  -0.653  0.1348E+01  0.8901E+01
  -0.643  0.1344E+01  0.8915E+01
  -0.633  0.1342E+01  0.8928E+01
  -0.623  0.1340E+01  0.8941E+01
  -0.613  0.1339E+01  0.8955E+01
  -0.603  0.1337E+01  0.8968E+01
  -0.593  0.1335E+01  0.8982E+01
  -0.583  0.1336E+01  0.8995E+01
  -0.573  0.1336E+01  0.9008E+01
  -0.563  0.1336E+01  0.9022E+01
  -0.553  0.1336E+01  0.9035E+01
  -0.543  0.1336E+01  0.9048E+01
  -0.533  0.1335E+01  0.9062E+01
  -0.523  0.1336E+01  0.9075E+01
  -0.513  0.1340E+01  0.9088E+01
  -0.503  0.1343E+01  0.9102E+01
  -0.493  0.1347E+01  0.9115E+01
  -0.483  0.1351E+01  0.9129E+01
  -0.473  0.1355E+01  0.9142E+01
  -0.463  0.1359E+01  0.9156E+01
  -0.453  0.1361E+01  0.9170E+01
  -0.443  0.1363E+01  0.9183E+01
  -0.433  0.1368E+01  0.9197E+01
  -0.423  0.1378E+01  0.9211E+01
  -0.413  0.1393E+01  0.9224E+01
  -0.403  0.1409E+01  0.9238E+01
  -0.393  0.1415E+01  0.9252E+01
  -0.383  0.1421E+01  0.9267E+01
  -0.373  0.1427E+01  0.9281E+01
  -0.363  0.1430E+01  0.9295E+01
  -0.353  0.1433E+01  0.9310E+01
  -0.343  0.1437E+01  0.9324E+01
  -0.333  0.1440E+01  0.9338E+01
  -0.323  0.1444E+01  0.9353E+01
  -0.313  0.1447E+01  0.9367E+01
  -0.303  0.1450E+01  0.9382E+01
  -0.293  0.1457E+01  0.9396E+01
  -0.283  0.1472E+01  0.9411E+01
  -0.273  0.1486E+01  0.9426E+01
  -0.263  0.1501E+01  0.9440E+01
  -0.253  0.1516E+01  0.9456E+01
  -0.243  0.1531E+01  0.9471E+01
  -0.233  0.1503E+01  0.9486E+01
  -0.223  0.1514E+01  0.9501E+01
  -0.213  0.1509E+01  0.9516E+01
  -0.203  0.1490E+01  0.9531E+01
  -0.193  0.1472E+01  0.9546E+01
  -0.183  0.1453E+01  0.9561E+01
  -0.173  0.1434E+01  0.9575E+01
  -0.163  0.1429E+01  0.9590E+01
  -0.153  0.1438E+01  0.9604E+01
  -0.143  0.1446E+01  0.9618E+01
  -0.133  0.1454E+01  0.9633E+01
  -0.123  0.1463E+01  0.9647E+01
  -0.113  0.1469E+01  0.9662E+01
  -0.103  0.1474E+01  0.9677E+01
  -0.093  0.1480E+01  0.9692E+01
  -0.083  0.1477E+01  0.9706E+01
  -0.073  0.1484E+01  0.9721E+01
  -0.063  0.1491E+01  0.9736E+01
  -0.053  0.1498E+01  0.9751E+01
  -0.043  0.1505E+01  0.9766E+01
  -0.033  0.1512E+01  0.9781E+01
  -0.023  0.1520E+01  0.9796E+01
  -0.013  0.1527E+01  0.9811E+01
  -0.003  0.1545E+01  0.9827E+01
   0.007  0.1595E+01  0.9842E+01
   0.017  0.1642E+01  0.9859E+01
   0.027  0.1689E+01  0.9875E+01
   0.037  0.1735E+01  0.9892E+01
   0.047  0.1784E+01  0.9910E+01
   0.057  0.1914E+01  0.9929E+01
   0.067  0.1887E+01  0.9948E+01
   0.077  0.1857E+01  0.9967E+01
   0.087  0.1819E+01  0.9985E+01
   0.097  0.1781E+01  0.1000E+02
   0.107  0.1743E+01  0.1002E+02
   0.117  0.1704E+01  0.1004E+02
   0.127  0.1666E+01  0.1005E+02
   0.137  0.1628E+01  0.1007E+02
   0.147  0.1593E+01  0.1009E+02
   0.157  0.1558E+01  0.1010E+02
   0.167  0.1523E+01  0.1012E+02
   0.177  0.1488E+01  0.1013E+02
   0.187  0.1453E+01  0.1015E+02
   0.197  0.1418E+01  0.1016E+02
   0.207  0.1383E+01  0.1018E+02
   0.217  0.1348E+01  0.1019E+02
   0.227  0.1234E+01  0.1020E+02
   0.237  0.1227E+01  0.1022E+02
   0.247  0.1221E+01  0.1023E+02
   0.257  0.1214E+01  0.1024E+02
   0.267  0.1207E+01  0.1025E+02
   0.277  0.1200E+01  0.1026E+02
   0.287  0.1194E+01  0.1028E+02
   0.297  0.1187E+01  0.1029E+02
   0.307  0.1180E+01  0.1030E+02
   0.317  0.1174E+01  0.1031E+02
   0.327  0.1161E+01  0.1032E+02
   0.337  0.1152E+01  0.1034E+02
   0.347  0.1146E+01  0.1035E+02
   0.357  0.1140E+01  0.1036E+02
   0.367  0.1135E+01  0.1037E+02
   0.377  0.1129E+01  0.1038E+02
   0.387  0.1124E+01  0.1039E+02
   0.397  0.1120E+01  0.1040E+02
   0.407  0.1115E+01  0.1041E+02
   0.417  0.1110E+01  0.1043E+02
   0.427  0.1104E+01  0.1044E+02
   0.437  0.1097E+01  0.1045E+02
   0.447  0.1375E+01  0.1046E+02
   0.457  0.1340E+01  0.1047E+02
   0.467  0.1304E+01  0.1049E+02
   0.477  0.1267E+01  0.1050E+02
   0.487  0.1227E+01  0.1051E+02
   0.497  0.1187E+01  0.1052E+02
   0.507  0.1147E+01  0.1053E+02
   0.517  0.1106E+01  0.1055E+02
   0.527  0.1066E+01  0.1056E+02
   0.537  0.1026E+01  0.1057E+02
   0.547  0.9859E+00  0.1058E+02
   0.557  0.9457E+00  0.1059E+02
   0.567  0.9056E+00  0.1060E+02
   0.577  0.8675E+00  0.1060E+02
   0.587  0.8600E+00  0.1061E+02
   0.597  0.8526E+00  0.1062E+02
   0.607  0.8452E+00  0.1063E+02
   0.617  0.8381E+00  0.1064E+02
   0.627  0.8423E+00  0.1065E+02
   0.637  0.8466E+00  0.1066E+02
   0.647  0.8510E+00  0.1066E+02
   0.657  0.8553E+00  0.1067E+02
   0.667  0.8596E+00  0.1068E+02
   0.677  0.8639E+00  0.1069E+02
   0.687  0.8683E+00  0.1070E+02
   0.697  0.8726E+00  0.1071E+02
   0.707  0.8769E+00  0.1072E+02
   0.717  0.8812E+00  0.1073E+02
   0.727  0.8856E+00  0.1073E+02
   0.737  0.8899E+00  0.1074E+02
   0.747  0.8942E+00  0.1075E+02
   0.757  0.8985E+00  0.1076E+02
   0.767  0.8915E+00  0.1077E+02
   0.777  0.1147E+01  0.1078E+02
   0.787  0.1534E+01  0.1079E+02
   0.797  0.1922E+01  0.1081E+02
   0.807  0.4273E+01  0.1084E+02
   0.817  0.1456E+01  0.1086E+02
   0.827  0.1498E+01  0.1087E+02
   0.837  0.1541E+01  0.1089E+02
   0.847  0.1583E+01  0.1090E+02
   0.857  0.1625E+01  0.1092E+02
   0.867  0.1668E+01  0.1094E+02
   0.877  0.1710E+01  0.1095E+02
   0.887  0.1752E+01  0.1097E+02
   0.897  0.1794E+01  0.1099E+02
   0.907  0.1837E+01  0.1101E+02
   0.917  0.1879E+01  0.1103E+02
   0.927  0.1567E+01  0.1104E+02
   0.937  0.1486E+01  0.1106E+02
   0.947  0.1405E+01  0.1107E+02
   0.957  0.1324E+01  0.1109E+02
   0.967  0.1243E+01  0.1110E+02
   0.977  0.1194E+01  0.1111E+02
   0.987  0.1188E+01  0.1112E+02
   0.997  0.1183E+01  0.1114E+02
   1.007  0.1178E+01  0.1115E+02
   1.017  0.1173E+01  0.1116E+02
   1.027  0.1168E+01  0.1117E+02
   1.037  0.1162E+01  0.1118E+02
   1.047  0.1157E+01  0.1119E+02
   1.057  0.1152E+01  0.1121E+02
   1.067  0.1155E+01  0.1122E+02
   1.077  0.1170E+01  0.1123E+02
   1.087  0.1186E+01  0.1124E+02
   1.097  0.1202E+01  0.1125E+02
   1.107  0.1218E+01  0.1126E+02
   1.117  0.1233E+01  0.1128E+02
   1.127  0.1249E+01  0.1129E+02
   1.137  0.1265E+01  0.1130E+02
   1.147  0.1280E+01  0.1131E+02
   1.157  0.1296E+01  0.1133E+02
   1.167  0.1310E+01  0.1134E+02
   1.177  0.1323E+01  0.1135E+02
   1.187  0.1338E+01  0.1137E+02
   1.197  0.1353E+01  0.1138E+02
   1.207  0.1362E+01  0.1139E+02
   1.217  0.1369E+01  0.1141E+02
   1.227  0.1376E+01  0.1142E+02
   1.237  0.1389E+01  0.1144E+02
   1.247  0.1172E+01  0.1145E+02
   1.257  0.1160E+01  0.1146E+02
   1.267  0.1149E+01  0.1147E+02
   1.277  0.1138E+01  0.1148E+02
   1.287  0.1127E+01  0.1150E+02
   1.297  0.1115E+01  0.1151E+02
   1.307  0.1104E+01  0.1152E+02
   1.317  0.1093E+01  0.1153E+02
   1.327  0.1241E+01  0.1154E+02
   1.337  0.1524E+01  0.1155E+02
   1.347  0.1807E+01  0.1157E+02
   1.357  0.1527E+01  0.1159E+02
   1.367  0.2021E+01  0.1161E+02
   1.377  0.1928E+01  0.1163E+02
   1.387  0.1834E+01  0.1165E+02
   1.397  0.1741E+01  0.1166E+02
   1.407  0.1649E+01  0.1168E+02
   1.417  0.1569E+01  0.1170E+02
   1.427  0.1431E+01  0.1171E+02
   1.437  0.1288E+01  0.1173E+02
   1.447  0.1144E+01  0.1174E+02
   1.457  0.1114E+01  0.1175E+02
   1.467  0.1117E+01  0.1176E+02
   1.477  0.1125E+01  0.1177E+02
   1.487  0.1132E+01  0.1178E+02
   1.497  0.1140E+01  0.1179E+02
   1.507  0.1162E+01  0.1181E+02
   1.517  0.1185E+01  0.1182E+02
   1.527  0.1209E+01  0.1183E+02
   1.537  0.1232E+01  0.1184E+02
   1.547  0.1366E+01  0.1185E+02
   1.557  0.1424E+01  0.1187E+02
   1.567  0.1482E+01  0.1188E+02
   1.577  0.1540E+01  0.1190E+02
   1.587  0.1592E+01  0.1191E+02
   1.597  0.1638E+01  0.1193E+02
   1.607  0.1685E+01  0.1195E+02
   1.617  0.1695E+01  0.1196E+02
   1.627  0.1699E+01  0.1198E+02
   1.637  0.1703E+01  0.1200E+02
   1.647  0.1707E+01  0.1201E+02
   1.657  0.1711E+01  0.1203E+02
   1.667  0.1753E+01  0.1205E+02
   1.677  0.1817E+01  0.1207E+02
   1.687  0.1882E+01  0.1208E+02
   1.697  0.1946E+01  0.1210E+02
   1.707  0.1991E+01  0.1212E+02
   1.717  0.2011E+01  0.1214E+02
   1.727  0.2032E+01  0.1216E+02
   1.737  0.2059E+01  0.1218E+02
   1.747  0.1539E+01  0.1220E+02
   1.757  0.1519E+01  0.1222E+02
   1.767  0.1474E+01  0.1223E+02
   1.777  0.1479E+01  0.1225E+02
   1.787  0.1484E+01  0.1226E+02
   1.797  0.1489E+01  0.1227E+02
   1.807  0.1494E+01  0.1229E+02
   1.817  0.1499E+01  0.1230E+02
   1.827  0.1504E+01  0.1232E+02
   1.837  0.1427E+01  0.1233E+02
   1.847  0.1315E+01  0.1235E+02
   1.857  0.1203E+01  0.1236E+02
   1.867  0.1174E+01  0.1237E+02
   1.877  0.1185E+01  0.1238E+02
   1.887  0.1195E+01  0.1240E+02
   1.897  0.1205E+01  0.1241E+02
   1.907  0.1215E+01  0.1242E+02
   1.917  0.1225E+01  0.1243E+02
   1.927  0.1114E+01  0.1244E+02
   1.937  0.1526E+01  0.1246E+02
   1.947  0.1696E+01  0.1247E+02
   1.957  0.1490E+01  0.1249E+02
   1.967  0.1283E+01  0.1250E+02
   1.977  0.1076E+01  0.1252E+02
   1.987  0.8692E+00  0.1253E+02
   1.997  0.8704E+00  0.1253E+02
   2.007  0.8945E+00  0.1254E+02
   2.017  0.9185E+00  0.1255E+02
   2.027  0.9425E+00  0.1256E+02
   2.037  0.9666E+00  0.1257E+02
   2.047  0.9906E+00  0.1258E+02
   2.057  0.1341E+01  0.1259E+02
   2.067  0.1445E+01  0.1261E+02
   2.077  0.1780E+01  0.1262E+02
   2.087  0.2070E+01  0.1264E+02
   2.097  0.2360E+01  0.1266E+02
   2.107  0.1910E+01  0.1269E+02
   2.117  0.1981E+01  0.1271E+02
   2.127  0.2019E+01  0.1273E+02
   2.137  0.2058E+01  0.1275E+02
   2.147  0.2096E+01  0.1277E+02
   2.157  0.2125E+01  0.1279E+02
   2.167  0.2066E+01  0.1281E+02
   2.177  0.2005E+01  0.1283E+02
   2.187  0.1874E+01  0.1285E+02
   2.197  0.1743E+01  0.1287E+02
   2.207  0.1613E+01  0.1288E+02
   2.217  0.1585E+01  0.1290E+02
   2.227  0.1574E+01  0.1292E+02
   2.237  0.1563E+01  0.1293E+02
   2.247  0.1552E+01  0.1295E+02
   2.257  0.1541E+01  0.1296E+02
   2.267  0.1540E+01  0.1298E+02
   2.277  0.1549E+01  0.1299E+02
   2.287  0.1559E+01  0.1301E+02
   2.297  0.1568E+01  0.1302E+02
   2.307  0.1580E+01  0.1304E+02
   2.317  0.1572E+01  0.1306E+02
   2.327  0.1554E+01  0.1307E+02
   2.337  0.1536E+01  0.1309E+02
   2.347  0.1518E+01  0.1310E+02
   2.357  0.1500E+01  0.1312E+02
   2.367  0.1481E+01  0.1313E+02
   2.377  0.1463E+01  0.1315E+02
   2.387  0.1484E+01  0.1318E+02
   2.397  0.1469E+01  0.1319E+02
   2.407  0.1453E+01  0.1321E+02
   2.417  0.1438E+01  0.1322E+02
   2.427  0.1422E+01  0.1324E+02
   2.437  0.1407E+01  0.1325E+02
   2.447  0.1716E+01  0.1327E+02
   2.457  0.1635E+01  0.1329E+02
   2.467  0.1555E+01  0.1330E+02
   2.477  0.1474E+01  0.1332E+02
   2.487  0.1393E+01  0.1333E+02
   2.497  0.1290E+01  0.1335E+02
   2.507  0.1188E+01  0.1336E+02
   2.517  0.1086E+01  0.1337E+02
   2.527  0.1042E+01  0.1338E+02
   2.537  0.1009E+01  0.1339E+02
   2.547  0.1061E+01  0.1340E+02
   2.557  0.1088E+01  0.1341E+02
   2.567  0.1093E+01  0.1342E+02
   2.577  0.1098E+01  0.1343E+02
   2.587  0.1103E+01  0.1345E+02
   2.597  0.1108E+01  0.1346E+02
   2.607  0.1112E+01  0.1347E+02
   2.617  0.1117E+01  0.1348E+02
   2.627  0.1313E+01  0.1349E+02
   2.637  0.1355E+01  0.1350E+02
   2.647  0.1398E+01  0.1352E+02
   2.657  0.1440E+01  0.1353E+02
   2.667  0.1482E+01  0.1355E+02
   2.677  0.1525E+01  0.1356E+02
   2.687  0.1568E+01  0.1358E+02
   2.697  0.1611E+01  0.1359E+02
   2.707  0.1654E+01  0.1361E+02
   2.717  0.1697E+01  0.1363E+02
   2.727  0.1740E+01  0.1364E+02
   2.737  0.1774E+01  0.1366E+02
   2.747  0.1807E+01  0.1368E+02
   2.757  0.1964E+01  0.1370E+02
   2.767  0.1922E+01  0.1372E+02
   2.777  0.1880E+01  0.1374E+02
   2.787  0.1839E+01  0.1375E+02
   2.797  0.1797E+01  0.1377E+02
   2.807  0.1755E+01  0.1379E+02
   2.817  0.1713E+01  0.1381E+02
   2.827  0.1671E+01  0.1382E+02
   2.837  0.1627E+01  0.1384E+02
   2.847  0.1582E+01  0.1386E+02
   2.857  0.1537E+01  0.1387E+02
   2.867  0.1497E+01  0.1389E+02
   2.877  0.1462E+01  0.1390E+02
   2.887  0.1442E+01  0.1392E+02
   2.897  0.1449E+01  0.1393E+02
   2.907  0.1455E+01  0.1395E+02
   2.917  0.1462E+01  0.1396E+02
   2.927  0.1469E+01  0.1397E+02
   2.937  0.1468E+01  0.1399E+02
   2.947  0.1467E+01  0.1400E+02
   2.957  0.1468E+01  0.1402E+02
   2.967  0.1471E+01  0.1403E+02
   2.977  0.1473E+01  0.1405E+02
   2.987  0.1179E+01  0.1407E+02
   2.997  0.1176E+01  0.1408E+02
   3.007  0.1174E+01  0.1409E+02
   3.017  0.1213E+01  0.1410E+02
   3.027  0.1265E+01  0.1412E+02
   3.037  0.1317E+01  0.1413E+02
   3.047  0.1369E+01  0.1414E+02
   3.057  0.1422E+01  0.1416E+02
   3.067  0.1474E+01  0.1417E+02
   3.077  0.1526E+01  0.1418E+02
   3.087  0.1579E+01  0.1420E+02
   3.097  0.1631E+01  0.1422E+02
   3.107  0.1683E+01  0.1423E+02
   3.117  0.1736E+01  0.1425E+02
   3.127  0.1788E+01  0.1427E+02
   3.137  0.1846E+01  0.1429E+02
   3.147  0.2129E+01  0.1431E+02
   3.157  0.2069E+01  0.1433E+02
   3.167  0.2008E+01  0.1435E+02
   3.177  0.1948E+01  0.1437E+02
   3.187  0.1888E+01  0.1439E+02
   3.197  0.1828E+01  0.1440E+02
   3.207  0.1780E+01  0.1442E+02
   3.217  0.1788E+01  0.1444E+02
   3.227  0.1587E+01  0.1446E+02
   3.237  0.1616E+01  0.1447E+02
   3.247  0.1622E+01  0.1449E+02
   3.257  0.1610E+01  0.1451E+02
   3.267  0.1599E+01  0.1452E+02
   3.277  0.1586E+01  0.1454E+02
   3.287  0.1571E+01  0.1455E+02
   3.297  0.1555E+01  0.1457E+02
   3.307  0.1540E+01  0.1458E+02
   3.317  0.1524E+01  0.1460E+02
   3.327  0.1509E+01  0.1462E+02
   3.337  0.1494E+01  0.1463E+02
   3.347  0.1479E+01  0.1465E+02
   3.357  0.1463E+01  0.1466E+02
   3.367  0.1448E+01  0.1467E+02
   3.377  0.1433E+01  0.1469E+02
   3.387  0.1418E+01  0.1470E+02
   3.397  0.1392E+01  0.1472E+02
   3.407  0.1359E+01  0.1473E+02
   3.417  0.1325E+01  0.1474E+02
   3.427  0.1291E+01  0.1476E+02
   3.437  0.1257E+01  0.1477E+02
   3.447  0.1223E+01  0.1478E+02
   3.457  0.1188E+01  0.1479E+02
   3.467  0.1154E+01  0.1481E+02
   3.477  0.1138E+01  0.1482E+02
   3.487  0.1134E+01  0.1483E+02
   3.497  0.1129E+01  0.1484E+02
   3.507  0.1125E+01  0.1485E+02
   3.517  0.1121E+01  0.1486E+02
   3.527  0.1116E+01  0.1487E+02
   3.537  0.1112E+01  0.1489E+02
   3.547  0.1108E+01  0.1490E+02
   3.557  0.1104E+01  0.1491E+02
   3.567  0.1099E+01  0.1492E+02
   3.577  0.1095E+01  0.1493E+02
   3.587  0.1090E+01  0.1494E+02
   3.597  0.1086E+01  0.1495E+02
   3.607  0.1081E+01  0.1496E+02
   3.617  0.1077E+01  0.1497E+02
   3.627  0.1073E+01  0.1498E+02
   3.637  0.1068E+01  0.1499E+02
   3.647  0.1064E+01  0.1500E+02
   3.657  0.1059E+01  0.1502E+02
   3.667  0.1055E+01  0.1503E+02
   3.677  0.1051E+01  0.1504E+02
   3.687  0.1046E+01  0.1505E+02
   3.697  0.1042E+01  0.1506E+02
   3.707  0.1037E+01  0.1507E+02
   3.717  0.1033E+01  0.1508E+02
   3.727  0.1029E+01  0.1509E+02
   3.737  0.1028E+01  0.1510E+02
   3.747  0.1036E+01  0.1511E+02
   3.757  0.1044E+01  0.1512E+02
   3.767  0.1054E+01  0.1513E+02
   3.777  0.1064E+01  0.1514E+02
   3.787  0.1073E+01  0.1515E+02
   3.797  0.1084E+01  0.1516E+02
   3.807  0.1096E+01  0.1517E+02
   3.817  0.1107E+01  0.1518E+02
   3.827  0.1119E+01  0.1520E+02
   3.837  0.1129E+01  0.1521E+02
   3.847  0.1139E+01  0.1522E+02
   3.857  0.1149E+01  0.1523E+02
   3.867  0.1117E+01  0.1525E+02
   3.877  0.1172E+01  0.1526E+02
   3.887  0.1232E+01  0.1527E+02
   3.897  0.1293E+01  0.1528E+02
   3.907  0.1353E+01  0.1529E+02
   3.917  0.1414E+01  0.1531E+02
   3.927  0.1474E+01  0.1532E+02
   3.937  0.1535E+01  0.1534E+02
   3.947  0.1586E+01  0.1535E+02
   3.957  0.1610E+01  0.1537E+02
   3.967  0.1498E+01  0.1539E+02
   3.977  0.1460E+01  0.1540E+02
   3.987  0.1479E+01  0.1542E+02
   3.997  0.1497E+01  0.1543E+02
   4.007  0.1516E+01  0.1545E+02
   4.017  0.1503E+01  0.1546E+02
   4.027  0.1489E+01  0.1548E+02
   4.037  0.1388E+01  0.1549E+02
   4.047  0.1328E+01  0.1550E+02
   4.057  0.1271E+01  0.1552E+02
   4.067  0.1225E+01  0.1553E+02
   4.077  0.1180E+01  0.1554E+02
   4.087  0.1134E+01  0.1555E+02
   4.097  0.1088E+01  0.1556E+02
   4.107  0.1042E+01  0.1557E+02
   4.117  0.9968E+00  0.1558E+02
   4.127  0.9855E+00  0.1559E+02
   4.137  0.9935E+00  0.1560E+02
   4.147  0.1002E+01  0.1561E+02
   4.157  0.2067E+01  0.1563E+02
   4.167  0.1558E+01  0.1565E+02
   4.177  0.1049E+01  0.1566E+02
   4.187  0.8080E+00  0.1567E+02
   4.197  0.7631E+00  0.1568E+02
   4.207  0.7182E+00  0.1568E+02
   4.217  0.6733E+00  0.1569E+02
   4.227  0.6284E+00  0.1570E+02
   4.237  0.5835E+00  0.1570E+02
   4.247  0.5386E+00  0.1571E+02
   4.257  0.4937E+00  0.1571E+02
   4.267  0.4488E+00  0.1572E+02
   4.277  0.4039E+00  0.1572E+02
   4.287  0.3762E+00  0.1573E+02
   4.297  0.3756E+00  0.1573E+02
   4.307  0.3749E+00  0.1573E+02
   4.317  0.3742E+00  0.1574E+02
   4.327  0.3735E+00  0.1574E+02
   4.337  0.3728E+00  0.1575E+02
   4.347  0.3721E+00  0.1575E+02
   4.357  0.3714E+00  0.1575E+02
   4.367  0.3707E+00  0.1576E+02
   4.377  0.3701E+00  0.1576E+02
   4.387  0.3694E+00  0.1576E+02
   4.397  0.3687E+00  0.1577E+02
   4.407  0.3680E+00  0.1577E+02
   4.417  0.3673E+00  0.1578E+02
   4.427  0.3666E+00  0.1578E+02
   4.437  0.3659E+00  0.1578E+02
   4.447  0.3653E+00  0.1579E+02
   4.457  0.3646E+00  0.1579E+02
   4.467  0.3639E+00  0.1579E+02
   4.477  0.3632E+00  0.1580E+02
   4.487  0.3625E+00  0.1580E+02
   4.497  0.3618E+00  0.1580E+02
   4.507  0.3611E+00  0.1581E+02
   4.517  0.3604E+00  0.1581E+02
   4.527  0.3598E+00  0.1582E+02
   4.537  0.3610E+00  0.1582E+02
   4.547  0.3825E+00  0.1582E+02
   4.557  0.4040E+00  0.1583E+02
   4.567  0.4253E+00  0.1583E+02
   4.577  0.4402E+00  0.1584E+02
   4.587  0.7490E+00  0.1584E+02
   4.597  0.7611E+00  0.1585E+02
   4.607  0.7711E+00  0.1586E+02
   4.617  0.7365E+00  0.1586E+02
   4.627  0.7019E+00  0.1587E+02
   4.637  0.6673E+00  0.1588E+02
   4.647  0.6327E+00  0.1588E+02
   4.657  0.5981E+00  0.1589E+02
   4.667  0.5727E+00  0.1590E+02
   4.677  0.5584E+00  0.1590E+02
   4.687  0.5441E+00  0.1591E+02
   4.697  0.5299E+00  0.1591E+02
   4.707  0.5156E+00  0.1592E+02
   4.717  0.5013E+00  0.1592E+02
   4.727  0.4870E+00  0.1593E+02
   4.737  0.4727E+00  0.1593E+02
   4.747  0.4585E+00  0.1594E+02
   4.757  0.4442E+00  0.1594E+02
   4.767  0.4299E+00  0.1595E+02
   4.777  0.4156E+00  0.1595E+02
   4.787  0.4014E+00  0.1595E+02
   4.797  0.3871E+00  0.1596E+02
   4.807  0.3728E+00  0.1596E+02
   4.817  0.3585E+00  0.1597E+02
   4.827  0.3443E+00  0.1597E+02
   4.837  0.3300E+00  0.1597E+02
   4.847  0.3157E+00  0.1598E+02
   4.857  0.3014E+00  0.1598E+02
   4.867  0.2871E+00  0.1598E+02
   4.877  0.2729E+00  0.1599E+02
   4.887  0.2586E+00  0.1599E+02
   4.897  0.2443E+00  0.1599E+02
   4.907  0.2300E+00  0.1599E+02
   4.917  0.2158E+00  0.1599E+02
   4.927  0.2015E+00  0.1600E+02
   4.937  0.1512E+00  0.1600E+02
   4.947  0.4382E-01  0.1600E+02
