 &plot nbnd=   8, nks=   181 /
            0.000000  0.000000  0.000000
  -13.113   -4.819   -3.557   -3.556   -0.436    0.810    0.811    1.321
            0.007143  0.004124  0.000000
  -13.113   -4.818   -3.562   -3.558   -0.432    0.810    0.813    1.322
            0.014286  0.008248  0.000000
  -13.111   -4.817   -3.578   -3.561   -0.418    0.809    0.820    1.324
            0.021429  0.012372  0.000000
  -13.108   -4.814   -3.604   -3.566   -0.395    0.807    0.831    1.327
            0.028572  0.016496  0.000000
  -13.104   -4.810   -3.641   -3.573   -0.364    0.806    0.846    1.332
            0.035715  0.020620  0.000000
  -13.099   -4.805   -3.686   -3.583   -0.326    0.804    0.866    1.338
            0.042858  0.024743  0.000000
  -13.092   -4.799   -3.740   -3.594   -0.282    0.803    0.890    1.345
            0.050001  0.028867  0.000000
  -13.085   -4.791   -3.802   -3.607   -0.234    0.804    0.918    1.353
            0.057144  0.032991  0.000000
  -13.076   -4.783   -3.870   -3.622   -0.184    0.808    0.951    1.363
            0.064287  0.037115  0.000000
  -13.066   -4.773   -3.945   -3.639   -0.133    0.815    0.987    1.374
            0.071430  0.041239  0.000000
  -13.055   -4.762   -4.024   -3.657   -0.085    0.829    1.028    1.386
            0.078573  0.045363  0.000000
  -13.043   -4.750   -4.109   -3.676   -0.040    0.850    1.072    1.400
            0.085716  0.049487  0.000000
  -13.029   -4.737   -4.197   -3.698   -0.001    0.879    1.120    1.415
            0.092859  0.053611  0.000000
  -13.015   -4.723   -4.289   -3.720    0.029    0.920    1.172    1.431
            0.100002  0.057735  0.000000
  -12.999   -4.708   -4.384   -3.744    0.051    0.971    1.227    1.449
            0.107145  0.061859  0.000000
  -12.982   -4.691   -4.481   -3.768    0.063    1.034    1.285    1.468
            0.114288  0.065982  0.000000
  -12.964   -4.674   -4.581   -3.794    0.067    1.107    1.347    1.488
            0.121431  0.070106  0.000000
  -12.945   -4.682   -4.655   -3.820    0.063    1.189    1.412    1.509
            0.128574  0.074230  0.000000
  -12.925   -4.785   -4.635   -3.847    0.053    1.278    1.480    1.532
            0.135717  0.078354  0.000000
  -12.904   -4.890   -4.615   -3.875    0.037    1.375    1.551    1.556
            0.142860  0.082478  0.000000
  -12.881   -4.995   -4.593   -3.904    0.017    1.476    1.581    1.625
            0.150003  0.086602  0.000000
  -12.858   -5.101   -4.570   -3.932   -0.006    1.582    1.608    1.702
            0.157146  0.090726  0.000000
  -12.833   -5.208   -4.545   -3.962   -0.032    1.636    1.692    1.781
            0.164289  0.094850  0.000000
  -12.807   -5.316   -4.520   -3.991   -0.061    1.665    1.804    1.863
            0.171432  0.098974  0.000000
  -12.780   -5.424   -4.494   -4.021   -0.091    1.695    1.919    1.948
            0.178575  0.103098  0.000000
  -12.752   -5.532   -4.467   -4.051   -0.122    1.727    2.035    2.037
            0.185718  0.107221  0.000000
  -12.723   -5.641   -4.438   -4.081   -0.155    1.760    2.124    2.156
            0.192861  0.111345  0.000000
  -12.692   -5.749   -4.409   -4.111   -0.188    1.794    2.216    2.276
            0.200004  0.115469  0.000000
  -12.661   -5.857   -4.378   -4.140   -0.222    1.830    2.262    2.310
            0.207147  0.119593  0.000000
  -12.629   -5.966   -4.346   -4.170   -0.256    1.867    2.159    2.406
            0.214290  0.123717  0.000000
  -12.595   -6.074   -4.314   -4.200   -0.291    1.905    2.055    2.504
            0.221433  0.127841  0.000000
  -12.561   -6.182   -4.280   -4.229   -0.325    1.944    1.952    2.605
            0.228576  0.131965  0.000000
  -12.525   -6.289   -4.258   -4.245   -0.360    1.849    1.985    2.707
            0.235719  0.136089  0.000000
  -12.488   -6.396   -4.286   -4.209   -0.394    1.747    2.026    2.811
            0.242862  0.140213  0.000000
  -12.451   -6.503   -4.315   -4.173   -0.428    1.644    2.069    2.917
            0.250005  0.144337  0.000000
  -12.412   -6.609   -4.342   -4.135   -0.462    1.542    2.114    3.026
            0.257148  0.148460  0.000000
  -12.372   -6.714   -4.370   -4.096   -0.495    1.441    2.159    3.136
            0.264291  0.152584  0.000000
  -12.332   -6.819   -4.397   -4.057   -0.528    1.340    2.206    3.247
            0.271434  0.156708  0.000000
  -12.290   -6.924   -4.423   -4.016   -0.561    1.240    2.254    3.361
            0.278577  0.160832  0.000000
  -12.248   -7.027   -4.449   -3.975   -0.592    1.140    2.303    3.476
            0.285720  0.164956  0.000000
  -12.204   -7.130   -4.474   -3.932   -0.623    1.041    2.354    3.593
            0.292863  0.169080  0.000000
  -12.160   -7.231   -4.499   -3.889   -0.654    0.943    2.405    3.712
            0.300006  0.173204  0.000000
  -12.115   -7.332   -4.523   -3.845   -0.683    0.845    2.458    3.832
            0.307149  0.177328  0.000000
  -12.069   -7.432   -4.546   -3.800   -0.712    0.749    2.512    3.954
            0.314292  0.181452  0.000000
  -12.022   -7.531   -4.568   -3.755   -0.740    0.653    2.567    4.077
            0.321435  0.185576  0.000000
  -11.974   -7.629   -4.590   -3.708   -0.767    0.558    2.623    4.202
            0.328578  0.189700  0.000000
  -11.926   -7.726   -4.611   -3.661   -0.794    0.465    2.681    4.329
            0.335721  0.193823  0.000000
  -11.877   -7.821   -4.632   -3.614   -0.819    0.372    2.739    4.425
            0.342864  0.197947  0.000000
  -11.827   -7.916   -4.651   -3.566   -0.844    0.281    2.799    4.480
            0.350007  0.202071  0.000000
  -11.777   -8.008   -4.670   -3.517   -0.867    0.191    2.860    4.536
            0.357150  0.206195  0.000000
  -11.727   -8.100   -4.688   -3.468   -0.890    0.103    2.921    4.592
            0.364293  0.210319  0.000000
  -11.676   -8.190   -4.706   -3.418   -0.911    0.015    2.984    4.649
            0.371436  0.214443  0.000000
  -11.625   -8.278   -4.722   -3.369   -0.932   -0.070    3.048    4.706
            0.378579  0.218567  0.000000
  -11.573   -8.364   -4.738   -3.319   -0.951   -0.154    3.112    4.763
            0.385722  0.222691  0.000000
  -11.522   -8.449   -4.752   -3.269   -0.970   -0.236    3.178    4.820
            0.392865  0.226815  0.000000
  -11.471   -8.531   -4.766   -3.219   -0.987   -0.315    3.244    4.877
            0.400008  0.230939  0.000000
  -11.420   -8.611   -4.779   -3.170   -1.004   -0.393    3.311    4.933
            0.407151  0.235062  0.000000
  -11.370   -8.689   -4.792   -3.121   -1.019   -0.468    3.379    4.988
            0.414294  0.239186  0.000000
  -11.320   -8.764   -4.803   -3.073   -1.033   -0.541    3.447    5.043
            0.421437  0.243310  0.000000
  -11.272   -8.836   -4.813   -3.027   -1.046   -0.610    3.516    5.096
            0.428580  0.247434  0.000000
  -11.224   -8.904   -4.823   -2.981   -1.058   -0.676    3.585    5.084
            0.435723  0.251558  0.000000
  -11.179   -8.968   -4.831   -2.938   -1.069   -0.738    3.654    5.046
            0.442866  0.255682  0.000000
  -11.136   -9.029   -4.839   -2.896   -1.079   -0.796    3.723    5.001
            0.450009  0.259806  0.000000
  -11.096   -9.084   -4.846   -2.858   -1.087   -0.849    3.790    4.951
            0.457152  0.263930  0.000000
  -11.059   -9.134   -4.852   -2.823   -1.095   -0.897    3.857    4.898
            0.464295  0.268054  0.000000
  -11.027   -9.178   -4.857   -2.791   -1.101   -0.939    3.921    4.844
            0.471438  0.272178  0.000000
  -10.999   -9.215   -4.861   -2.765   -1.106   -0.975    3.981    4.791
            0.478581  0.276301  0.000000
  -10.976   -9.245   -4.864   -2.743   -1.110   -1.003    4.035    4.742
            0.485724  0.280425  0.000000
  -10.960   -9.266   -4.867   -2.727   -1.113   -1.024    4.080    4.701
            0.492867  0.284549  0.000000
  -10.949   -9.280   -4.868   -2.718   -1.115   -1.037    4.110    4.672
            0.500010  0.288673  0.000000
  -10.946   -9.284   -4.869   -2.714   -1.115   -1.041    4.120    4.662
            0.504177  0.281456  0.000000
  -10.945   -9.284   -4.873   -2.714   -1.110   -1.041    4.121    4.663
            0.508344  0.274240  0.000000
  -10.943   -9.284   -4.885   -2.712   -1.093   -1.042    4.122    4.663
            0.512510  0.267023  0.000000
  -10.940   -9.284   -4.904   -2.709   -1.065   -1.042    4.124    4.665
            0.516677  0.259806  0.000000
  -10.936   -9.285   -4.931   -2.705   -1.043   -1.026    4.128    4.667
            0.520844  0.252589  0.000000
  -10.930   -9.285   -4.965   -2.699   -1.044   -0.977    4.132    4.669
            0.525011  0.245372  0.000000
  -10.923   -9.286   -5.005   -2.692   -1.046   -0.919    4.136    4.577
            0.529177  0.238155  0.000000
  -10.915   -9.287   -5.051   -2.684   -1.048   -0.851    4.142    4.469
            0.533344  0.230939  0.000000
  -10.905   -9.288   -5.102   -2.675   -1.050   -0.776    4.148    4.361
            0.537511  0.223722  0.000000
  -10.894   -9.289   -5.157   -2.665   -1.052   -0.692    4.156    4.255
            0.541678  0.216505  0.000000
  -10.882   -9.291   -5.216   -2.653   -1.056   -0.601    4.150    4.163
            0.545844  0.209288  0.000000
  -10.869   -9.293   -5.277   -2.640   -1.059   -0.504    4.046    4.172
            0.550011  0.202071  0.000000
  -10.854   -9.296   -5.341   -2.626   -1.064   -0.401    3.944    4.181
            0.554178  0.194854  0.000000
  -10.838   -9.299   -5.407   -2.611   -1.069   -0.292    3.844    4.191
            0.558345  0.187638  0.000000
  -10.821   -9.303   -5.474   -2.594   -1.074   -0.179    3.747    4.201
            0.562511  0.180421  0.000000
  -10.803   -9.307   -5.542   -2.576   -1.081   -0.061    3.652    4.211
            0.566678  0.173204  0.000000
  -10.783   -9.313   -5.610   -2.557   -1.088    0.062    3.559    4.221
            0.570845  0.165987  0.000000
  -10.762   -9.319   -5.678   -2.537   -1.096    0.188    3.469    4.231
            0.575012  0.158770  0.000000
  -10.740   -9.326   -5.745   -2.515   -1.106    0.318    3.382    4.242
            0.579178  0.151553  0.000000
  -10.716   -9.334   -5.812   -2.493   -1.116    0.451    3.298    4.251
            0.583345  0.144337  0.000000
  -10.692   -9.344   -5.877   -2.469   -1.128    0.587    3.217    4.260
            0.587512  0.137120  0.000000
  -10.666   -9.355   -5.941   -2.444   -1.142    0.725    3.139    4.268
            0.591679  0.129903  0.000000
  -10.638   -9.367   -6.003   -2.417   -1.156    0.866    3.065    4.275
            0.595845  0.122686  0.000000
  -10.610   -9.381   -6.062   -2.390   -1.172    1.010    2.995    4.280
            0.600012  0.115469  0.000000
  -10.580   -9.397   -6.120   -2.361   -1.190    1.156    2.928    4.283
            0.604179  0.108252  0.000000
  -10.549   -9.414   -6.174   -2.331   -1.210    1.303    2.864    4.283
            0.608346  0.101036  0.000000
  -10.517   -9.433   -6.226   -2.299   -1.231    1.453    2.805    4.280
            0.612512  0.093819  0.000000
  -10.483   -9.455   -6.275   -2.267   -1.254    1.603    2.750    4.273
            0.616679  0.086602  0.000000
  -10.448   -9.478   -6.321   -2.233   -1.280    1.756    2.699    4.262
            0.620846  0.079385  0.000000
  -10.412   -9.504   -6.363   -2.198   -1.307    1.909    2.651    4.246
            0.625013  0.072168  0.000000
  -10.375   -9.532   -6.401   -2.162   -1.336    2.063    2.608    4.225
            0.629179  0.064951  0.000000
  -10.337   -9.562   -6.436   -2.125   -1.367    2.218    2.570    4.198
            0.633346  0.057735  0.000000
  -10.297   -9.595   -6.468   -2.086   -1.400    2.373    2.535    4.145
            0.637513  0.050518  0.000000
  -10.256   -9.630   -6.495   -2.047   -1.435    2.505    2.528    4.075
            0.641680  0.043301  0.000000
  -10.214   -9.667   -6.519   -2.006   -1.472    2.479    2.682    4.005
            0.645846  0.036084  0.000000
  -10.170   -9.706   -6.539   -1.963   -1.512    2.457    2.834    3.934
            0.650013  0.028867  0.000000
  -10.125   -9.748   -6.555   -1.920   -1.553    2.439    2.983    3.865
            0.654180  0.021650  0.000000
  -10.079   -9.791   -6.567   -1.876   -1.596    2.425    3.126    3.800
            0.658347  0.014434  0.000000
  -10.032   -9.837   -6.576   -1.830   -1.640    2.415    3.255    3.746
            0.662513  0.007217  0.000000
   -9.984   -9.885   -6.581   -1.783   -1.687    2.410    3.353    3.720
            0.666680  0.000000  0.000000
   -9.934   -9.934   -6.583   -1.735   -1.735    2.408    3.389    3.751
            0.657156  0.000000  0.000000
   -9.993   -9.876   -6.581   -1.791   -1.678    2.410    3.357    3.677
            0.647632  0.000000  0.000000
  -10.053   -9.816   -6.575   -1.850   -1.620    2.417    3.291    3.601
            0.638108  0.000000  0.000000
  -10.115   -9.754   -6.564   -1.910   -1.560    2.429    3.214    3.523
            0.628584  0.000000  0.000000
  -10.179   -9.691   -6.550   -1.972   -1.499    2.445    3.133    3.444
            0.619060  0.000000  0.000000
  -10.245   -9.627   -6.532   -2.034   -1.437    2.466    3.050    3.365
            0.609536  0.000000  0.000000
  -10.311   -9.561   -6.510   -2.098   -1.372    2.490    2.966    3.285
            0.600012  0.000000  0.000000
  -10.379   -9.493   -6.485   -2.163   -1.307    2.518    2.883    3.205
            0.590488  0.000000  0.000000
  -10.447   -9.424   -6.457   -2.229   -1.239    2.550    2.800    3.125
            0.580964  0.000000  0.000000
  -10.516   -9.353   -6.426   -2.296   -1.170    2.586    2.717    3.044
            0.571440  0.000000  0.000000
  -10.585   -9.281   -6.392   -2.363   -1.100    2.625    2.636    2.965
            0.561916  0.000000  0.000000
  -10.655   -9.207   -6.355   -2.430   -1.028    2.556    2.667    2.885
            0.552392  0.000000  0.000000
  -10.725   -9.131   -6.316   -2.497   -0.955    2.477    2.712    2.806
            0.542868  0.000000  0.000000
  -10.795   -9.055   -6.275   -2.565   -0.880    2.399    2.728    2.760
            0.533344  0.000000  0.000000
  -10.866   -8.976   -6.231   -2.633   -0.804    2.322    2.650    2.811
            0.523820  0.000000  0.000000
  -10.935   -8.896   -6.185   -2.700   -0.726    2.247    2.573    2.865
            0.514296  0.000000  0.000000
  -11.005   -8.815   -6.137   -2.768   -0.647    2.173    2.497    2.921
            0.504772  0.000000  0.000000
  -11.074   -8.732   -6.088   -2.835   -0.566    2.101    2.422    2.979
            0.495248  0.000000  0.000000
  -11.143   -8.647   -6.036   -2.901   -0.484    2.030    2.347    3.039
            0.485724  0.000000  0.000000
  -11.211   -8.561   -5.983   -2.967   -0.400    1.961    2.274    3.102
            0.476200  0.000000  0.000000
  -11.279   -8.474   -5.929   -3.033   -0.315    1.894    2.201    3.166
            0.466676  0.000000  0.000000
  -11.346   -8.385   -5.873   -3.098   -0.229    1.828    2.130    3.231
            0.457152  0.000000  0.000000
  -11.412   -8.295   -5.816   -3.162   -0.141    1.763    2.059    3.274
            0.447628  0.000000  0.000000
  -11.478   -8.203   -5.757   -3.226   -0.051    1.701    1.990    3.197
            0.438104  0.000000  0.000000
  -11.542   -8.110   -5.698   -3.289    0.039    1.640    1.922    3.121
            0.428580  0.000000  0.000000
  -11.606   -8.016   -5.637   -3.350    0.131    1.581    1.855    3.046
            0.419056  0.000000  0.000000
  -11.669   -7.920   -5.576   -3.411    0.225    1.524    1.789    2.972
            0.409532  0.000000  0.000000
  -11.730   -7.823   -5.514   -3.471    0.320    1.469    1.724    2.900
            0.400008  0.000000  0.000000
  -11.791   -7.724   -5.450   -3.530    0.416    1.416    1.660    2.829
            0.390484  0.000000  0.000000
  -11.850   -7.624   -5.387   -3.588    0.513    1.364    1.598    2.760
            0.380960  0.000000  0.000000
  -11.909   -7.523   -5.323   -3.645    0.612    1.315    1.537    2.692
            0.371436  0.000000  0.000000
  -11.966   -7.420   -5.258   -3.701    0.712    1.267    1.477    2.626
            0.361912  0.000000  0.000000
  -12.022   -7.317   -5.193   -3.755    0.813    1.222    1.418    2.561
            0.352388  0.000000  0.000000
  -12.077   -7.212   -5.128   -3.809    0.915    1.178    1.360    2.497
            0.342864  0.000000  0.000000
  -12.131   -7.105   -5.063   -3.861    1.019    1.137    1.303    2.435
            0.333340  0.000000  0.000000
  -12.183   -6.998   -4.997   -3.912    1.097    1.123    1.248    2.375
            0.323816  0.000000  0.000000
  -12.234   -6.890   -4.932   -3.962    1.060    1.194    1.229    2.316
            0.314292  0.000000  0.000000
  -12.284   -6.780   -4.867   -4.010    1.025    1.141    1.336    2.259
            0.304768  0.000000  0.000000
  -12.332   -6.669   -4.803   -4.057    0.992    1.089    1.443    2.204
            0.295244  0.000000  0.000000
  -12.379   -6.557   -4.738   -4.103    0.961    1.038    1.552    2.150
            0.285720  0.000000  0.000000
  -12.425   -6.445   -4.675   -4.148    0.933    0.988    1.662    2.098
            0.276196  0.000000  0.000000
  -12.469   -6.331   -4.612   -4.191    0.906    0.939    1.772    2.047
            0.266672  0.000000  0.000000
  -12.512   -6.216   -4.550   -4.233    0.882    0.891    1.884    1.998
            0.257148  0.000000  0.000000
  -12.554   -6.101   -4.488   -4.273    0.844    0.860    1.951    1.996
            0.247624  0.000000  0.000000
  -12.594   -5.985   -4.428   -4.313    0.798    0.840    1.906    2.108
            0.238100  0.000000  0.000000
  -12.633   -5.868   -4.369   -4.350    0.753    0.822    1.862    2.222
            0.228576  0.000000  0.000000
  -12.670   -5.751   -4.387   -4.311    0.708    0.807    1.820    2.335
            0.219052  0.000000  0.000000
  -12.706   -5.633   -4.422   -4.255    0.664    0.793    1.779    2.450
            0.209528  0.000000  0.000000
  -12.740   -5.515   -4.455   -4.200    0.620    0.782    1.740    2.564
            0.200004  0.000000  0.000000
  -12.773   -5.397   -4.487   -4.146    0.576    0.773    1.703    2.540
            0.190480  0.000000  0.000000
  -12.804   -5.279   -4.518   -4.095    0.532    0.765    1.668    2.383
            0.180956  0.000000  0.000000
  -12.834   -5.160   -4.547   -4.045    0.488    0.760    1.634    2.230
            0.171432  0.000000  0.000000
  -12.863   -5.043   -4.575   -3.997    0.443    0.756    1.602    2.082
            0.161908  0.000000  0.000000
  -12.890   -4.925   -4.601   -3.952    0.397    0.754    1.572    1.940
            0.152384  0.000000  0.000000
  -12.915   -4.809   -4.626   -3.908    0.350    0.753    1.543    1.804
            0.142860  0.000000  0.000000
  -12.939   -4.694   -4.649   -3.867    0.300    0.754    1.516    1.675
            0.133336  0.000000  0.000000
  -12.961   -4.671   -4.580   -3.828    0.249    0.756    1.491    1.553
            0.123812  0.000000  0.000000
  -12.982   -4.691   -4.468   -3.791    0.194    0.759    1.440    1.468
            0.114288  0.000000  0.000000
  -13.002   -4.710   -4.359   -3.757    0.137    0.763    1.337    1.446
            0.104764  0.000000  0.000000
  -13.019   -4.727   -4.253   -3.726    0.077    0.767    1.243    1.426
            0.095240  0.000000  0.000000
  -13.036   -4.743   -4.150   -3.697    0.015    0.772    1.160    1.408
            0.085716  0.000000  0.000000
  -13.050   -4.758   -4.052   -3.670   -0.049    0.778    1.087    1.392
            0.076192  0.000000  0.000000
  -13.064   -4.770   -3.960   -3.647   -0.113    0.783    1.024    1.377
            0.066668  0.000000  0.000000
  -13.075   -4.782   -3.874   -3.626   -0.176    0.789    0.970    1.364
            0.057144  0.000000  0.000000
  -13.085   -4.792   -3.796   -3.607   -0.236    0.794    0.925    1.353
            0.047620  0.000000  0.000000
  -13.094   -4.800   -3.726   -3.592   -0.292    0.798    0.889    1.343
            0.038096  0.000000  0.000000
  -13.101   -4.807   -3.667   -3.579   -0.341    0.803    0.860    1.335
            0.028572  0.000000  0.000000
  -13.106   -4.812   -3.620   -3.569   -0.381    0.806    0.838    1.329
            0.019048  0.000000  0.000000
  -13.110   -4.816   -3.585   -3.562   -0.411    0.808    0.823    1.325
            0.009524  0.000000  0.000000
  -13.112   -4.818   -3.563   -3.558   -0.430    0.810    0.814    1.322
            0.000000  0.000000  0.000000
  -13.113   -4.819   -3.557   -3.556   -0.436    0.810    0.811    1.321
